100 2153 10000
200 10673 40000
300 22989 90000
400 39303 160000
500 66050 250000
600 99448 360000
700 113463 490000
800 156078 640000
900 244316 810000
1000 262697 1000000
1100 272392 1210000
1200 292352 1440000
1300 457324 1690000
1400 469977 1960000
1500 705676 2250000
1600 644581 2560000
1700 603081 2890000
1800 607753 3240000
1900 870477 3610000
2000 1088783 4000000
2100 1007910 4410000
2200 1194392 4840000
2300 1492960 5290000
2400 1286665 5760000
2500 1679170 6250000
2600 1403597 6760000
2700 1667014 7290000
2800 1764951 7840000
2900 2061642 8410000
3000 2156517 9000000
3100 2280635 9610000
3200 2639212 10240000
3300 2609728 10890000
3400 2604247 11560000
3500 2821902 12250000
3600 2320854 12960000
3700 3917683 13690000
3800 3492251 14440000
3900 3575742 15210000
4000 3924020 16000000
4100 4052290 16810000
4200 4867033 17640000
4300 4540064 18490000
4400 5720080 19360000
4500 5024534 20250000
4600 6151528 21160000
4700 6290161 22090000
4800 4042810 23040000
4900 6364552 24010000
5000 5023418 25000000
