100 9232598
200 10971658
300 12237830
400 13294228
500 15780747
600 22279514
700 24230332
800 46511823
900 61017308
1000 50355378
1100 59414148
1200 65706297
1300 84440132
1400 99460780
1500 105790068
1600 198875732
1700 185973012
1800 149587813
1900 127803309
2000 148365887
2100 167047571
2200 202514647
2300 200350501
2400 221759295
2500 239245524
2600 293698883
2700 306539577
2800 290267373
2900 330124775
3000 349819002
3100 359944440
3200 394897144
3300 406632062
3400 435991877
3500 468400383
3600 494330663
3700 551818885
3800 580241613
3900 578824923
4000 608285871
4100 665414981
4200 694007188
4300 707050946
4400 750908744
4500 789897792
4600 826386104
4700 971051444
4800 923803625
4900 960683836
5000 1024555860
