100 2550 10000
200 11291 40000
300 20547 90000
400 44406 160000
500 77237 250000
600 102440 360000
700 133755 490000
800 168566 640000
900 217907 810000
1000 229568 1000000
1100 304426 1210000
1200 318568 1440000
1300 430873 1690000
1400 468459 1960000
1500 551931 2250000
1600 478342 2560000
1700 684201 2890000
1800 792362 3240000
1900 1031225 3610000
2000 1459561 4000000
2100 1430792 4410000
2200 1067791 4840000
2300 1401486 5290000
2400 1457723 5760000
2500 1264667 6250000
2600 1684463 6760000
2700 1956595 7290000
2800 2162415 7840000
2900 2057536 8410000
3000 2375186 9000000
3100 1966897 9610000
3200 2479119 10240000
3300 2165033 10890000
3400 2790372 11560000
3500 2670931 12250000
3600 2178816 12960000
3700 2967168 13690000
3800 3489114 14440000
3900 3946367 15210000
4000 4167460 16000000
4100 5017104 16810000
4200 4240615 17640000
4300 4777596 18490000
4400 4811914 19360000
4500 4820113 20250000
4600 5297088 21160000
4700 5431958 22090000
4800 5320094 23040000
4900 7307944 24010000
5000 6963130 25000000
5100 6095555 26010000
5200 6109563 27040000
5300 5829283 28090000
5400 8386405 29160000
5500 7529835 30250000
5600 9135756 31360000
5700 9050457 32490000
5800 8680202 33640000
5900 10316802 34810000
6000 7896772 36000000
6100 10050835 37210000
6200 9937731 38440000
6300 8704853 39690000
6400 8086310 40960000
6500 13236671 42250000
6600 7074073 43560000
6700 11648079 44890000
6800 12552812 46240000
6900 11436155 47610000
7000 13954466 49000000
7100 12698304 50410000
7200 13032499 51840000
7300 12916435 53290000
7400 11952635 54760000
7500 15129316 56250000
7600 15114087 57760000
7700 15169892 59290000
7800 15320609 60840000
7900 11908059 62410000
8000 17280442 64000000
8100 14796826 65610000
8200 14830502 67240000
8300 15055851 68890000
8400 15940485 70560000
8500 19037872 72250000
8600 17213736 73960000
8700 17223444 75690000
8800 23681676 77440000
8900 22224942 79210000
9000 19263913 81000000
9100 24568036 82810000
9200 20653449 84640000
9300 21985856 86490000
9400 26514645 88360000
9500 22383839 90250000
9600 23093120 92160000
9700 19229055 94090000
9800 26180194 96040000
9900 23920489 98010000
10000 27246526 100000000
