0 12
1 15
2 16
3 14
4 15
5 15
6 15
7 16
8 16
9 16
10 16
11 16
12 17
13 17
14 17
15 18
16 18
17 17
18 18
19 18
20 17
21 18
22 16
23 19
24 18
25 18
26 18
27 18
28 18
29 19
30 18
31 19
32 17
33 18
34 18
35 19
36 20
37 18
38 19
39 18
40 20
41 18
42 18
43 20
44 17
45 19
46 19
47 20
48 20
49 20
50 20
51 20
52 19
53 19
54 20
55 19
56 20
57 20
58 18
59 20
60 18
61 19
62 19
63 19
64 20
65 19
66 18
67 21
68 20
69 20
70 21
71 19
72 20
73 20
74 19
75 20
76 20
77 20
78 20
79 20
80 20
81 20
82 21
83 20
84 20
85 21
86 19
87 20
88 20
89 20
90 22
91 21
92 20
93 20
94 20
95 20
96 21
97 20
