100 783 332
200 1696 738
300 2689 1147
400 3724 1732
500 4834 2293
600 5795 2620
700 6821 3165
800 8255 3722
900 9895 4889
1000 9951 4822
1100 11428 5603
1200 12648 6279
1300 14704 7427
1400 14461 7158
1500 16385 8219
1600 16516 8110
1700 18987 10192
1800 20536 10250
1900 20367 10621
2000 21248 10503
2100 23265 12366
2200 22559 11489
2300 24801 13047
2400 27004 13790
2500 27599 14957
2600 29570 16329
2700 30674 16675
2800 30466 15866
2900 29872 16117
3000 32043 17774
3100 32738 18596
3200 34878 18185
3300 36120 20583
3400 37926 20258
3500 36809 19533
3600 38898 21233
3700 40523 22307
3800 42514 23341
3900 42265 22671
4000 42861 23286
4100 42186 23622
4200 48300 26955
4300 45763 25376
4400 47566 26515
4500 50096 27274
4600 47993 25585
4700 53274 27557
4800 54144 29422
4900 54442 30698
5000 60769 33053
5100 56041 31719
5200 61040 35182
5300 55138 29608
5400 57881 30978
5500 58841 31283
5600 63683 34788
5700 61027 32722
5800 66251 35149
5900 67955 35192
6000 69468 38093
6100 70097 35938
6200 71398 39670
6300 74870 35861
6400 74072 39402
6500 75383 38339
6600 78609 41663
6700 79244 40495
6800 82428 42120
6900 79880 40209
7000 86192 48296
7100 85899 43597
7200 90172 42558
7300 88861 42928
7400 93246 46247
7500 95048 43495
7600 96918 49923
7700 98138 49757
7800 104147 50378
7900 101977 48247
8000 103010 48390
8100 104974 52107
8200 108661 50598
8300 110012 49317
8400 112453 55786
8500 116597 50366
8600 118063 54150
8700 117239 50971
8800 118212 53168
8900 124580 58607
9000 127782 52204
9100 133969 54925
9200 130683 56256
9300 136406 53277
9400 135672 55352
9500 139413 57490
9600 141875 59270
9700 138736 57383
9800 144635 61956
9900 144123 58172
10000 153863 59017
