100 2692 1321
200 10242 5196
300 22792 11571
400 40342 20446
500 62892 31821
600 90442 45696
700 122992 62071
800 160542 80946
900 203092 102321
1000 250642 126196
1100 303192 152571
1200 360742 181446
1300 423292 212821
1400 490842 246696
1500 563392 283071
1600 640942 321946
1700 723492 363321
1800 811042 407196
1900 903592 453571
2000 1001142 502446
2100 1103692 553821
2200 1211242 607696
2300 1323792 664071
2400 1441342 722946
2500 1563892 784321
2600 1691442 848196
2700 1823992 914571
2800 1961542 983446
2900 2104092 1054821
3000 2251642 1128696
3100 2404192 1205071
3200 2561742 1283946
3300 2724292 1365321
3400 2891842 1449196
3500 3064392 1535571
3600 3241942 1624446
3700 3424492 1715821
3800 3612042 1809696
3900 3804592 1906071
4000 4002142 2004946
4100 4204692 2106321
4200 4412242 2210196
4300 4624792 2316571
4400 4842342 2425446
4500 5064892 2536821
4600 5292442 2650696
4700 5524992 2767071
4800 5762542 2885946
4900 6005092 3007321
5000 6252642 3131196
5100 6505192 3257571
5200 6762742 3386446
5300 7025292 3517821
5400 7292842 3651696
5500 7565392 3788071
5600 7842942 3926946
5700 8125492 4068321
5800 8413042 4212196
5900 8705592 4358571
6000 9003142 4507446
6100 9305692 4658821
6200 9613242 4812696
6300 9925792 4969071
6400 10243342 5127946
6500 10565892 5289321
6600 10893442 5453196
6700 11225992 5619571
6800 11563542 5788446
6900 11906092 5959821
7000 12253642 6133696
7100 12606192 6310071
7200 12963742 6488946
7300 13326292 6670321
7400 13693842 6854196
7500 14066392 7040571
7600 14443942 7229446
7700 14826492 7420821
7800 15214042 7614696
7900 15606592 7811071
8000 16004142 8009946
8100 16406692 8211321
8200 16814242 8415196
8300 17226792 8621571
8400 17644342 8830446
8500 18066892 9041821
8600 18494442 9255696
8700 18926992 9472071
8800 19364542 9690946
8900 19807092 9912321
9000 20254642 10136196
9100 20707192 10362571
9200 21164742 10591446
9300 21627292 10822821
9400 22094842 11056696
9500 22567392 11293071
9600 23044942 11531946
9700 23527492 11773321
9800 24015042 12017196
9900 24507592 12263571
10000 25005142 12512446
