100 597 568
200 1380 1336
300 2287 2132
400 3171 3072
500 4168 3872
600 5176 4864
700 6107 6044
800 7134 6944
900 8208 7844
1000 9352 8744
1100 10496 9644
1200 11545 10928
1300 12489 12488
1400 13588 13488
1500 14731 14488
1600 15843 15488
1700 17036 16488
1800 18239 17488
1900 19400 18488
2000 20668 19488
2100 21900 20488
2200 23207 21488
2300 24491 22488
2400 25488 24256
2500 26471 26056
2600 27581 27576
2700 28770 28676
2800 30062 29776
2900 31210 30876
3000 32448 31976
3100 33676 33076
3200 34972 34176
3300 36182 35276
3400 37541 36376
3500 38727 37476
3600 39990 38576
3700 41399 39676
3800 42709 40776
3900 44017 41876
4000 45361 42976
4100 46636 44076
4200 47987 45176
4300 49385 46276
4400 50755 47376
4500 52151 48476
4600 53553 49576
4700 54693 51412
4800 55756 53312
4900 56971 55212
5000 57928 57112
5100 59050 59012
5200 60331 60352
5300 61735 61552
5400 62970 62752
5500 64297 63952
5600 65616 65152
5700 66902 66352
5800 68258 67552
5900 69609 68752
6000 70902 69952
6100 72163 71152
6200 73575 72352
6300 74935 73552
6400 76352 74752
6500 77670 75952
6600 79066 77152
6700 80364 78352
6800 81723 79552
6900 83113 80752
7000 84514 81952
7100 85847 83152
7200 87221 84352
7300 88688 85552
7400 90148 86752
7500 91502 87952
7600 92963 89152
7700 94426 90352
7800 95784 91552
7900 97209 92752
8000 98651 93952
8100 100083 95152
8200 101458 96352
8300 103042 97552
8400 104499 98752
8500 105958 99952
8600 107457 101152
8700 108839 102352
8800 110338 103552
8900 111891 104752
9000 113321 105952
9100 114762 107152
9200 116319 108352
9300 117529 110224
9400 118662 112224
9500 119937 114224
9600 121191 116224
9700 122363 118224
9800 123594 120224
9900 124760 122224
10000 126004 124224
10100 127130 126224
10200 128394 128224
10300 129641 129804
10400 131173 131104
10500 132556 132404
10600 133889 133704
10700 135332 135004
10800 136770 136304
10900 138155 137604
11000 139655 138904
11100 140956 140204
11200 142513 141504
11300 143810 142804
11400 145261 144104
11500 146720 145404
11600 148154 146704
11700 149522 148004
11800 150968 149304
11900 152297 150604
12000 153755 151904
12100 155104 153204
12200 156605 154504
12300 157936 155804
12400 159470 157104
12500 161041 158404
12600 162415 159704
12700 163810 161004
12800 165360 162304
12900 166806 163604
13000 168329 164904
13100 169924 166204
13200 171292 167504
13300 172711 168804
13400 174225 170104
13500 175621 171404
13600 177131 172704
13700 178590 174004
13800 180074 175304
13900 181607 176604
14000 183094 177904
14100 184356 179204
14200 186037 180504
14300 187404 181804
14400 189000 183104
14500 190482 184404
14600 191919 185704
14700 193461 187004
14800 195049 188304
14900 196497 189604
15000 198062 190904
15100 199516 192204
15200 201086 193504
15300 202654 194804
15400 204107 196104
15500 205629 197404
15600 207308 198704
15700 208687 200004
15800 210313 201304
15900 211845 202604
16000 213399 203904
16100 214934 205204
16200 216465 206504
16300 217766 207804
16400 219478 209104
16500 221040 210404
16600 222381 211704
16700 224113 213004
16800 225733 214304
16900 227393 215604
17000 228774 216904
17100 230282 218204
17200 232106 219504
17300 233462 220804
17400 235046 222104
17500 236724 223404
17600 238332 224704
17700 239988 226004
17800 241319 227304
17900 243079 228604
18000 244619 229904
18100 246176 231204
18200 247764 232504
18300 249219 233804
18400 251050 235104
18500 252329 236948
18600 253482 239048
18700 254965 241148
18800 256289 243248
18900 257528 245348
19000 258940 247448
19100 260097 249548
19200 261304 251648
19300 262796 253748
19400 264210 255848
19500 265432 257948
19600 266593 260048
19700 268042 262148
19800 269459 264248
19900 270586 266348
20000 271874 268448
20100 273211 270548
20200 274495 272648
20300 275779 274748
20400 277070 276848
20500 278435 278808
20600 279976 280208
20700 281542 281608
20800 283029 283008
20900 284468 284408
21000 286030 285808
21100 287582 287208
21200 289098 288608
21300 290614 290008
21400 292190 291408
21500 293683 292808
21600 295216 294208
21700 296742 295608
21800 298229 297008
21900 299777 298408
22000 301241 299808
22100 302804 301208
22200 304266 302608
22300 305793 304008
22400 307348 305408
22500 308849 306808
22600 310404 308208
22700 311942 309608
22800 313479 311008
22900 314891 312408
23000 316327 313808
23100 317912 315208
23200 319479 316608
23300 321055 318008
23400 322580 319408
23500 323964 320808
23600 325462 322208
23700 327017 323608
23800 328550 325008
23900 330062 326408
24000 331628 327808
24100 332990 329208
24200 334617 330608
24300 335985 332008
24400 337586 333408
24500 339128 334808
24600 340586 336208
24700 342178 337608
24800 343708 339008
24900 345382 340408
25000 346996 341808
25100 348472 343208
25200 350201 344608
25300 351778 346008
25400 353228 347408
25500 354793 348808
25600 356292 350208
25700 357871 351608
25800 359529 353008
25900 361021 354408
26000 362737 355808
26100 364300 357208
26200 365844 358608
26300 367235 360008
26400 368979 361408
26500 370595 362808
26600 371989 364208
26700 373703 365608
26800 375289 367008
26900 376798 368408
27000 378417 369808
27100 380000 371208
27200 381502 372608
27300 383042 374008
27400 384560 375408
27500 386225 376808
27600 387790 378208
27700 389291 379608
27800 390913 381008
27900 392480 382408
28000 394089 383808
28100 395607 385208
28200 397099 386608
28300 398728 388008
28400 400346 389408
28500 401804 390808
28600 403263 392208
28700 404987 393608
28800 406637 395008
28900 408445 396408
29000 409991 397808
29100 411601 399208
29200 413257 400608
29300 414842 402008
29400 416444 403408
29500 418012 404808
29600 419664 406208
29700 421253 407608
29800 422901 409008
29900 424450 410408
30000 426100 411808
30100 427696 413208
30200 429404 414608
30300 431021 416008
30400 432785 417408
30500 434139 418808
30600 435990 420208
30700 437506 421608
30800 439122 423008
30900 440636 424408
31000 442286 425808
31100 443996 427208
31200 445499 428608
31300 447238 430008
31400 448734 431408
31500 450549 432808
31600 452201 434208
31700 453782 435608
31800 455351 437008
31900 456993 438408
32000 458673 439808
32100 460249 441208
32200 461729 442608
32300 463368 444008
32400 465133 445408
32500 466595 446808
32600 468362 448208
32700 469984 449608
32800 471667 451008
32900 473222 452408
33000 474937 453808
33100 476676 455208
33200 478280 456608
33300 479830 458008
33400 481617 459408
33500 483244 460808
33600 484774 462208
33700 486786 463608
33800 488600 465008
33900 490225 466408
34000 491684 467808
34100 493534 469208
34200 495204 470608
34300 496890 472008
34400 498298 473408
34500 500212 474808
34600 501810 476208
34700 503574 477608
34800 505244 479008
34900 506931 480408
35000 508566 481808
35100 510097 483208
35200 511844 484608
35300 513545 486008
35400 515105 487408
35500 516935 488808
35600 518535 490208
35700 520158 491608
35800 521729 493008
35900 523503 494408
36000 525294 495808
36100 526934 497208
36200 528397 498608
36300 530046 500008
36400 531836 501408
36500 533735 502808
36600 534962 504208
36700 536913 505608
36800 538462 507008
36900 540305 508696
37000 541381 510896
37100 542884 513096
37200 544366 515296
37300 545746 517496
37400 547136 519696
37500 548796 521896
37600 549955 524096
37700 551628 526296
37800 552823 528496
37900 554350 530696
38000 555682 532896
38100 557106 535096
38200 558358 537296
38300 560030 539496
38400 561219 541696
38500 562674 543896
38600 564161 546096
38700 565363 548296
38800 566835 550496
38900 568315 552696
39000 569760 554896
39100 571267 557096
39200 572427 559296
39300 573990 561496
39400 575250 563696
39500 576923 565896
39600 578410 568096
39700 579606 570296
39800 581079 572496
39900 582376 574696
40000 583805 576896
40100 585230 579096
40200 586501 581296
40300 587950 583496
40400 589283 585696
40500 590779 587896
40600 592086 590096
40700 593514 592296
40800 595034 594496
40900 596324 596696
41000 597793 598616
41100 599536 600116
41200 601158 601616
41300 602815 603116
41400 604364 604616
41500 606123 606116
41600 607605 607616
41700 609219 609116
41800 610923 610616
41900 612498 612116
42000 614030 613616
42100 615715 615116
42200 617347 616616
42300 619126 618116
42400 620586 619616
42500 622224 621116
42600 623864 622616
42700 625350 624116
42800 627118 625616
42900 628874 627116
43000 630265 628616
43100 631932 630116
43200 633563 631616
43300 635074 633116
43400 636715 634616
43500 638465 636116
43600 640087 637616
43700 641553 639116
43800 643349 640616
43900 645065 642116
44000 646579 643616
44100 648054 645116
44200 649672 646616
44300 651406 648116
44400 653047 649616
44500 654636 651116
44600 656156 652616
44700 657799 654116
44800 659337 655616
44900 661077 657116
45000 662672 658616
45100 664179 660116
45200 665960 661616
45300 667582 663116
45400 669055 664616
45500 670683 666116
45600 672335 667616
45700 674017 669116
45800 675633 670616
45900 677234 672116
46000 678829 673616
46100 680263 675116
46200 682015 676616
46300 683626 678116
46400 685118 679616
46500 686882 681116
46600 688650 682616
46700 689946 684116
46800 691715 685616
46900 693295 687116
47000 694860 688616
47100 696500 690116
47200 698121 691616
47300 699691 693116
47400 701418 694616
47500 702928 696116
47600 704553 697616
47700 706345 699116
47800 707950 700616
47900 709299 702116
48000 710856 703616
48100 712635 705116
48200 714319 706616
48300 715904 708116
48400 717507 709616
48500 719191 711116
48600 720787 712616
48700 722312 714116
48800 723851 715616
48900 725480 717116
49000 727175 718616
49100 728922 720116
49200 730438 721616
49300 731897 723116
49400 733844 724616
49500 735534 726116
49600 737034 727616
49700 738786 729116
49800 740653 730616
49900 742337 732116
50000 743753 733616
50100 745501 735116
50200 747168 736616
50300 748749 738116
50400 750484 739616
50500 752099 741116
50600 753774 742616
50700 755437 744116
50800 757161 745616
50900 758991 747116
51000 760419 748616
51100 762170 750116
51200 764132 751616
51300 765906 753116
51400 767388 754616
51500 769063 756116
51600 770519 757616
51700 772155 759116
51800 773998 760616
51900 775544 762116
52000 777331 763616
52100 779070 765116
52200 780730 766616
52300 782368 768116
52400 784127 769616
52500 785634 771116
52600 787257 772616
52700 788881 774116
52800 790703 775616
52900 792592 777116
53000 794044 778616
53100 795675 780116
53200 797309 781616
53300 799109 783116
53400 800502 784616
53500 802336 786116
53600 803932 787616
53700 805774 789116
53800 807345 790616
53900 809259 792116
54000 810745 793616
54100 812438 795116
54200 814049 796616
54300 815636 798116
54400 817413 799616
54500 818991 801116
54600 820783 802616
54700 822251 804116
54800 824123 805616
54900 825789 807116
55000 827323 808616
55100 829010 810116
55200 830861 811616
55300 832469 813116
55400 834020 814616
55500 835659 816116
55600 837288 817616
55700 838950 819116
55800 840928 820616
55900 842308 822116
56000 843814 823616
56100 845622 825116
56200 847274 826616
56300 848932 828116
56400 850532 829616
56500 852531 831116
56600 853778 832616
56700 855708 834116
56800 857333 835616
56900 859045 837116
57000 860889 838616
57100 862358 840116
57200 864019 841616
57300 865777 843116
57400 867401 844616
57500 868999 846116
57600 870879 847616
57700 872737 849116
57800 874443 850616
57900 876069 852116
58000 877814 853616
58100 879303 855116
58200 881393 856616
58300 883027 858116
58400 884312 859616
58500 886510 861116
58600 888129 862616
58700 889943 864116
58800 891516 865616
58900 893395 867116
59000 894988 868616
59100 896705 870116
59200 898509 871616
59300 900341 873116
59400 902032 874616
59500 903572 876116
59600 905721 877616
59700 907250 879116
59800 908751 880616
59900 910318 882116
60000 912311 883616
60100 914004 885116
60200 915808 886616
60300 917465 888116
60400 919161 889616
60500 921181 891116
60600 922562 892616
60700 924304 894116
60800 926325 895616
60900 928143 897116
61000 929822 898616
61100 931255 900116
61200 932899 901616
61300 934809 903116
61400 936331 904616
61500 938371 906116
61600 939844 907616
61700 941439 909116
61800 943502 910616
61900 945392 912116
62000 946774 913616
62100 948416 915116
62200 950080 916616
62300 951977 918116
62400 953438 919616
62500 955321 921116
62600 957221 922616
62700 958877 924116
62800 960488 925616
62900 962188 927116
63000 963993 928616
63100 965542 930116
63200 967361 931616
63300 969128 933116
63400 970862 934616
63500 972525 936116
63600 974239 937616
63700 976241 939116
63800 977544 940616
63900 979931 942116
64000 981150 943616
64100 983081 945116
64200 984768 946616
64300 986465 948116
64400 988114 949616
64500 989776 951116
64600 991889 952616
64700 993205 954116
64800 995096 955616
64900 996975 957116
65000 998196 958616
65100 1000204 960116
65200 1001699 961616
65300 1003605 963116
65400 1005387 964616
65500 1006911 966116
65600 1008916 967616
65700 1010405 969116
65800 1012524 970616
65900 1014165 972116
66000 1015843 973616
66100 1017493 975116
66200 1019547 976616
66300 1021175 978116
66400 1023035 979616
66500 1024727 981116
66600 1026597 982616
66700 1028294 984116
66800 1029895 985616
66900 1031586 987116
67000 1033444 988616
67100 1035605 990116
67200 1037282 991616
67300 1038735 993116
67400 1040665 994616
67500 1042479 996116
67600 1044411 997616
67700 1046060 999116
67800 1047847 1000616
67900 1049552 1002116
68000 1051681 1003616
68100 1053104 1005116
68200 1055072 1006616
68300 1056933 1008116
68400 1058565 1009616
68500 1060386 1011116
68600 1061934 1012616
68700 1063794 1014116
68800 1065482 1015616
68900 1067675 1017116
69000 1069216 1018616
69100 1070958 1020116
69200 1072953 1021616
69300 1074547 1023116
69400 1076644 1024616
69500 1078246 1026116
69600 1079780 1027616
69700 1081749 1029116
69800 1083376 1030616
69900 1085432 1032116
70000 1087195 1033616
70100 1088659 1035116
70200 1090862 1036616
70300 1092413 1038116
70400 1094070 1039616
70500 1096021 1041116
70600 1097645 1042616
70700 1099604 1044116
70800 1101035 1045616
70900 1102901 1047116
71000 1104655 1048616
71100 1106756 1050116
71200 1108621 1051616
71300 1109925 1053116
71400 1111897 1054616
71500 1114057 1056116
71600 1115516 1057616
71700 1117527 1059116
71800 1118945 1060616
71900 1120677 1062116
72000 1122431 1063616
72100 1124316 1065116
72200 1125922 1066616
72300 1127942 1068116
72400 1129557 1069616
72500 1131207 1071116
72600 1132965 1072616
72700 1134995 1074116
72800 1136761 1075616
72900 1138364 1077116
73000 1140448 1078616
73100 1142007 1080116
73200 1143916 1081616
73300 1145332 1083116
73400 1147306 1084616
73500 1148879 1086116
73600 1151076 1087616
73700 1152697 1089116
73800 1154160 1091192
73900 1155869 1093492
74000 1157030 1095792
74100 1158846 1098092
74200 1160326 1100392
74300 1161694 1102692
74400 1163085 1104992
74500 1164598 1107292
74600 1166278 1109592
74700 1167874 1111892
74800 1169380 1114192
74900 1170683 1116492
75000 1172224 1118792
75100 1173735 1121092
75200 1175278 1123392
75300 1176981 1125692
75400 1178601 1127992
75500 1179825 1130292
75600 1181421 1132592
75700 1182781 1134892
75800 1184344 1137192
75900 1185813 1139492
76000 1187529 1141792
76100 1189126 1144092
76200 1190836 1146392
76300 1191983 1148692
76400 1193391 1150992
76500 1194804 1153292
76600 1196160 1155592
76700 1197547 1157892
76800 1199595 1160192
76900 1201324 1162492
77000 1202411 1164792
77100 1204088 1167092
77200 1205567 1169392
77300 1206960 1171692
77400 1208312 1173992
77500 1210286 1176292
77600 1211618 1178592
77700 1213135 1180892
77800 1214498 1183192
77900 1215979 1185492
78000 1217277 1187792
78100 1218960 1190092
78200 1220635 1192392
78300 1222081 1194692
78400 1223557 1196992
78500 1224892 1199292
78600 1226515 1201592
78700 1228059 1203892
78800 1229444 1206192
78900 1230918 1208492
79000 1232635 1210792
79100 1233997 1213092
79200 1235596 1215392
79300 1237126 1217692
79400 1238571 1219992
79500 1240138 1222292
79600 1241522 1224592
79700 1242951 1226892
79800 1244593 1229192
79900 1246225 1231492
80000 1247536 1233792
80100 1249270 1236092
80200 1250522 1238392
80300 1252211 1240692
80400 1253440 1242992
80500 1255121 1245292
80600 1256558 1247592
80700 1258024 1249892
80800 1259441 1252192
80900 1261155 1254492
81000 1262640 1256792
81100 1264021 1259092
81200 1265343 1261392
81300 1267205 1263692
81400 1268541 1265992
81500 1270204 1268292
81600 1271627 1270592
81700 1273148 1272892
81800 1274628 1275192
81900 1276241 1277492
82000 1277760 1279232
82100 1279553 1280832
82200 1281323 1282432
82300 1282985 1284032
82400 1284465 1285632
82500 1286225 1287232
82600 1288098 1288832
82700 1289853 1290432
82800 1291715 1292032
82900 1293303 1293632
83000 1295201 1295232
83100 1296787 1296832
83200 1298499 1298432
83300 1300412 1300032
83400 1302029 1301632
83500 1303556 1303232
83600 1305194 1304832
83700 1307061 1306432
83800 1308846 1308032
83900 1310532 1309632
84000 1312286 1311232
84100 1313927 1312832
84200 1315665 1314432
84300 1317413 1316032
84400 1319078 1317632
84500 1320796 1319232
84600 1322637 1320832
84700 1324429 1322432
84800 1325856 1324032
84900 1327785 1325632
85000 1329510 1327232
85100 1331117 1328832
85200 1332887 1330432
85300 1334615 1332032
85400 1336533 1333632
85500 1338041 1335232
85600 1339872 1336832
85700 1341526 1338432
85800 1343201 1340032
85900 1344944 1341632
86000 1346687 1343232
86100 1348065 1344832
86200 1350074 1346432
86300 1351733 1348032
86400 1353519 1349632
86500 1355235 1351232
86600 1357057 1352832
86700 1358701 1354432
86800 1360541 1356032
86900 1362038 1357632
87000 1363895 1359232
87100 1365688 1360832
87200 1367282 1362432
87300 1368984 1364032
87400 1370649 1365632
87500 1372355 1367232
87600 1374269 1368832
87700 1376126 1370432
87800 1377620 1372032
87900 1379332 1373632
88000 1381106 1375232
88100 1382696 1376832
88200 1384482 1378432
88300 1386183 1380032
88400 1387856 1381632
88500 1389612 1383232
88600 1391389 1384832
88700 1392918 1386432
88800 1394856 1388032
88900 1396523 1389632
89000 1398113 1391232
89100 1399841 1392832
89200 1401688 1394432
89300 1403421 1396032
89400 1405289 1397632
89500 1406833 1399232
89600 1408489 1400832
89700 1410274 1402432
89800 1412046 1404032
89900 1413752 1405632
90000 1415244 1407232
90100 1417022 1408832
90200 1419135 1410432
90300 1420399 1412032
90400 1422361 1413632
90500 1423923 1415232
90600 1425435 1416832
90700 1427376 1418432
90800 1429061 1420032
90900 1430633 1421632
91000 1432514 1423232
91100 1434277 1424832
91200 1435957 1426432
91300 1437733 1428032
91400 1439258 1429632
91500 1441029 1431232
91600 1442799 1432832
91700 1444525 1434432
91800 1446341 1436032
91900 1447820 1437632
92000 1449642 1439232
92100 1451495 1440832
92200 1453101 1442432
92300 1454761 1444032
92400 1456597 1445632
92500 1458271 1447232
92600 1459997 1448832
92700 1461703 1450432
92800 1463544 1452032
92900 1464912 1453632
93000 1466946 1455232
93100 1468560 1456832
93200 1470240 1458432
93300 1472116 1460032
93400 1473533 1461632
93500 1475265 1463232
93600 1476968 1464832
93700 1478721 1466432
93800 1480324 1468032
93900 1482250 1469632
94000 1483947 1471232
94100 1485533 1472832
94200 1487371 1474432
94300 1489129 1476032
94400 1490625 1477632
94500 1492242 1479232
94600 1494003 1480832
94700 1495915 1482432
94800 1497661 1484032
94900 1499377 1485632
95000 1501129 1487232
95100 1502689 1488832
95200 1504792 1490432
95300 1506115 1492032
95400 1507846 1493632
95500 1509649 1495232
95600 1511205 1496832
95700 1513140 1498432
95800 1514710 1500032
95900 1516350 1501632
96000 1518084 1503232
96100 1519760 1504832
96200 1521517 1506432
96300 1523146 1508032
96400 1525044 1509632
96500 1526580 1511232
96600 1528524 1512832
96700 1530141 1514432
96800 1531885 1516032
96900 1533596 1517632
97000 1535184 1519232
97100 1537069 1520832
97200 1538759 1522432
97300 1540457 1524032
97400 1541959 1525632
97500 1543567 1527232
97600 1545449 1528832
97700 1547205 1530432
97800 1548865 1532032
97900 1550294 1533632
98000 1552362 1535232
98100 1554124 1536832
98200 1555791 1538432
98300 1557340 1540032
98400 1559296 1541632
98500 1561223 1543232
98600 1562646 1544832
98700 1564653 1546432
98800 1566158 1548032
98900 1568103 1549632
99000 1569782 1551232
99100 1571766 1552832
99200 1573371 1554432
99300 1575112 1556032
99400 1577131 1557632
99500 1578776 1559232
99600 1580463 1560832
99700 1582126 1562432
99800 1584119 1564032
99900 1585923 1565632
100000 1587736 1567232
