100 679 568
200 1559 1336
300 2623 2132
400 3519 3072
500 4771 3872
600 5847 4864
700 6607 6044
800 7839 6944
900 9143 7844
1000 10543 8744
1100 12019 9644
1200 12895 10928
1300 13315 12488
1400 14615 13488
1500 15915 14488
1600 17279 15488
1700 18679 16488
1800 20087 17488
1900 21587 18488
2000 23087 19488
2100 24639 20488
2200 26239 21488
2300 27839 22488
2400 28191 24256
2500 28491 26056
2600 29231 27576
2700 30631 28676
2800 32031 29776
2900 33431 30876
3000 34831 31976
3100 36259 33076
3200 37759 34176
3300 39259 35276
3400 40759 36376
3500 42259 37476
3600 43775 38576
3700 45375 39676
3800 46975 40776
3900 48575 41876
4000 50175 42976
4100 51779 44076
4200 53479 45176
4300 55179 46276
4400 56879 47376
4500 58579 48476
4600 60279 49576
4700 60783 51412
4800 61183 53312
4900 61583 55212
5000 61983 57112
5100 62383 59012
5200 63663 60352
5300 65163 61552
5400 66663 62752
5500 68163 63952
5600 69663 65152
5700 71163 66352
5800 72663 67552
5900 74163 68752
6000 75663 69952
6100 77163 71152
6200 78719 72352
6300 80319 73552
6400 81919 74752
6500 83519 75952
6600 85119 77152
6700 86719 78352
6800 88319 79552
6900 89919 80752
7000 91519 81952
7100 93119 83152
7200 94751 84352
7300 96451 85552
7400 98151 86752
7500 99851 87952
7600 101551 89152
7700 103251 90352
7800 104951 91552
7900 106651 92752
8000 108351 93952
8100 110051 95152
8200 111759 96352
8300 113559 97552
8400 115359 98752
8500 117159 99952
8600 118959 101152
8700 120759 102352
8800 122559 103552
8900 124359 104752
9000 126159 105952
9100 127959 107152
9200 129759 108352
9300 130467 110224
9400 130967 112224
9500 131467 114224
9600 131967 116224
9700 132467 118224
9800 132967 120224
9900 133467 122224
10000 133967 124224
10100 134467 126224
10200 134967 128224
10300 136127 129804
10400 137727 131104
10500 139327 132404
10600 140927 133704
10700 142527 135004
10800 144127 136304
10900 145727 137604
11000 147327 138904
11100 148927 140204
11200 150527 141504
11300 152127 142804
11400 153727 144104
11500 155327 145404
11600 156927 146704
11700 158527 148004
11800 160127 149304
11900 161727 150604
12000 163327 151904
12100 164927 153204
12200 166527 154504
12300 168139 155804
12400 169839 157104
12500 171539 158404
12600 173239 159704
12700 174939 161004
12800 176639 162304
12900 178339 163604
13000 180039 164904
13100 181739 166204
13200 183439 167504
13300 185139 168804
13400 186839 170104
13500 188539 171404
13600 190239 172704
13700 191939 174004
13800 193639 175304
13900 195339 176604
14000 197039 177904
14100 198739 179204
14200 200439 180504
14300 202139 181804
14400 203903 183104
14500 205703 184404
14600 207503 185704
14700 209303 187004
14800 211103 188304
14900 212903 189604
15000 214703 190904
15100 216503 192204
15200 218303 193504
15300 220103 194804
15400 221903 196104
15500 223703 197404
15600 225503 198704
15700 227303 200004
15800 229103 201304
15900 230903 202604
16000 232703 203904
16100 234503 205204
16200 236303 206504
16300 238103 207804
16400 239919 209104
16500 241819 210404
16600 243719 211704
16700 245619 213004
16800 247519 214304
16900 249419 215604
17000 251319 216904
17100 253219 218204
17200 255119 219504
17300 257019 220804
17400 258919 222104
17500 260819 223404
17600 262719 224704
17700 264619 226004
17800 266519 227304
17900 268419 228604
18000 270319 229904
18100 272219 231204
18200 274119 232504
18300 276019 233804
18400 277919 235104
18500 278935 236948
18600 279535 239048
18700 280135 241148
18800 280735 243248
18900 281335 245348
19000 281935 247448
19100 282535 249548
19200 283135 251648
19300 283735 253748
19400 284335 255848
19500 284935 257948
19600 285535 260048
19700 286135 262148
19800 286735 264248
19900 287335 266348
20000 287935 268448
20100 288535 270548
20200 289135 272648
20300 289735 274748
20400 290335 276848
20500 291155 278808
20600 292855 280208
20700 294555 281608
20800 296255 283008
20900 297955 284408
21000 299655 285808
21100 301355 287208
21200 303055 288608
21300 304755 290008
21400 306455 291408
21500 308155 292808
21600 309855 294208
21700 311555 295608
21800 313255 297008
21900 314955 298408
22000 316655 299808
22100 318355 301208
22200 320055 302608
22300 321755 304008
22400 323455 305408
22500 325155 306808
22600 326855 308208
22700 328555 309608
22800 330255 311008
22900 331955 312408
23000 333655 313808
23100 335355 315208
23200 337055 316608
23300 338755 318008
23400 340455 319408
23500 342155 320808
23600 343855 322208
23700 345555 323608
23800 347255 325008
23900 348955 326408
24000 350655 327808
24100 352355 329208
24200 354055 330608
24300 355755 332008
24400 357455 333408
24500 359155 334808
24600 360879 336208
24700 362679 337608
24800 364479 339008
24900 366279 340408
25000 368079 341808
25100 369879 343208
25200 371679 344608
25300 373479 346008
25400 375279 347408
25500 377079 348808
25600 378879 350208
25700 380679 351608
25800 382479 353008
25900 384279 354408
26000 386079 355808
26100 387879 357208
26200 389679 358608
26300 391479 360008
26400 393279 361408
26500 395079 362808
26600 396879 364208
26700 398679 365608
26800 400479 367008
26900 402279 368408
27000 404079 369808
27100 405879 371208
27200 407679 372608
27300 409479 374008
27400 411279 375408
27500 413079 376808
27600 414879 378208
27700 416679 379608
27800 418479 381008
27900 420279 382408
28000 422079 383808
28100 423879 385208
28200 425679 386608
28300 427479 388008
28400 429279 389408
28500 431079 390808
28600 432879 392208
28700 434707 393608
28800 436607 395008
28900 438507 396408
29000 440407 397808
29100 442307 399208
29200 444207 400608
29300 446107 402008
29400 448007 403408
29500 449907 404808
29600 451807 406208
29700 453707 407608
29800 455607 409008
29900 457507 410408
30000 459407 411808
30100 461307 413208
30200 463207 414608
30300 465107 416008
30400 467007 417408
30500 468907 418808
30600 470807 420208
30700 472707 421608
30800 474607 423008
30900 476507 424408
31000 478407 425808
31100 480307 427208
31200 482207 428608
31300 484107 430008
31400 486007 431408
31500 487907 432808
31600 489807 434208
31700 491707 435608
31800 493607 437008
31900 495507 438408
32000 497407 439808
32100 499307 441208
32200 501207 442608
32300 503107 444008
32400 505007 445408
32500 506907 446808
32600 508807 448208
32700 510707 449608
32800 512639 451008
32900 514639 452408
33000 516639 453808
33100 518639 455208
33200 520639 456608
33300 522639 458008
33400 524639 459408
33500 526639 460808
33600 528639 462208
33700 530639 463608
33800 532639 465008
33900 534639 466408
34000 536639 467808
34100 538639 469208
34200 540639 470608
34300 542639 472008
34400 544639 473408
34500 546639 474808
34600 548639 476208
34700 550639 477608
34800 552639 479008
34900 554639 480408
35000 556639 481808
35100 558639 483208
35200 560639 484608
35300 562639 486008
35400 564639 487408
35500 566639 488808
35600 568639 490208
35700 570639 491608
35800 572639 493008
35900 574639 494408
36000 576639 495808
36100 578639 497208
36200 580639 498608
36300 582639 500008
36400 584639 501408
36500 586639 502808
36600 588639 504208
36700 590639 505608
36800 592639 507008
36900 594171 508696
37000 594871 510896
37100 595571 513096
37200 596271 515296
37300 596971 517496
37400 597671 519696
37500 598371 521896
37600 599071 524096
37700 599771 526296
37800 600471 528496
37900 601171 530696
38000 601871 532896
38100 602571 535096
38200 603271 537296
38300 603971 539496
38400 604671 541696
38500 605371 543896
38600 606071 546096
38700 606771 548296
38800 607471 550496
38900 608171 552696
39000 608871 554896
39100 609571 557096
39200 610271 559296
39300 610971 561496
39400 611671 563696
39500 612371 565896
39600 613071 568096
39700 613771 570296
39800 614471 572496
39900 615171 574696
40000 615871 576896
40100 616571 579096
40200 617271 581296
40300 617971 583496
40400 618671 585696
40500 619371 587896
40600 620071 590096
40700 620771 592296
40800 621471 594496
40900 622171 596696
41000 623311 598616
41100 625111 600116
41200 626911 601616
41300 628711 603116
41400 630511 604616
41500 632311 606116
41600 634111 607616
41700 635911 609116
41800 637711 610616
41900 639511 612116
42000 641311 613616
42100 643111 615116
42200 644911 616616
42300 646711 618116
42400 648511 619616
42500 650311 621116
42600 652111 622616
42700 653911 624116
42800 655711 625616
42900 657511 627116
43000 659311 628616
43100 661111 630116
43200 662911 631616
43300 664711 633116
43400 666511 634616
43500 668311 636116
43600 670111 637616
43700 671911 639116
43800 673711 640616
43900 675511 642116
44000 677311 643616
44100 679111 645116
44200 680911 646616
44300 682711 648116
44400 684511 649616
44500 686311 651116
44600 688111 652616
44700 689911 654116
44800 691711 655616
44900 693511 657116
45000 695311 658616
45100 697111 660116
45200 698911 661616
45300 700711 663116
45400 702511 664616
45500 704311 666116
45600 706111 667616
45700 707911 669116
45800 709711 670616
45900 711511 672116
46000 713311 673616
46100 715111 675116
46200 716911 676616
46300 718711 678116
46400 720511 679616
46500 722311 681116
46600 724111 682616
46700 725911 684116
46800 727711 685616
46900 729511 687116
47000 731311 688616
47100 733111 690116
47200 734911 691616
47300 736711 693116
47400 738511 694616
47500 740311 696116
47600 742111 697616
47700 743911 699116
47800 745711 700616
47900 747511 702116
48000 749311 703616
48100 751111 705116
48200 752911 706616
48300 754711 708116
48400 756511 709616
48500 758311 711116
48600 760111 712616
48700 761911 714116
48800 763711 715616
48900 765511 717116
49000 767311 718616
49100 769111 720116
49200 770959 721616
49300 772859 723116
49400 774759 724616
49500 776659 726116
49600 778559 727616
49700 780459 729116
49800 782359 730616
49900 784259 732116
50000 786159 733616
50100 788059 735116
50200 789959 736616
50300 791859 738116
50400 793759 739616
50500 795659 741116
50600 797559 742616
50700 799459 744116
50800 801359 745616
50900 803259 747116
51000 805159 748616
51100 807059 750116
51200 808959 751616
51300 810859 753116
51400 812759 754616
51500 814659 756116
51600 816559 757616
51700 818459 759116
51800 820359 760616
51900 822259 762116
52000 824159 763616
52100 826059 765116
52200 827959 766616
52300 829859 768116
52400 831759 769616
52500 833659 771116
52600 835559 772616
52700 837459 774116
52800 839359 775616
52900 841259 777116
53000 843159 778616
53100 845059 780116
53200 846959 781616
53300 848859 783116
53400 850759 784616
53500 852659 786116
53600 854559 787616
53700 856459 789116
53800 858359 790616
53900 860259 792116
54000 862159 793616
54100 864059 795116
54200 865959 796616
54300 867859 798116
54400 869759 799616
54500 871659 801116
54600 873559 802616
54700 875459 804116
54800 877359 805616
54900 879259 807116
55000 881159 808616
55100 883059 810116
55200 884959 811616
55300 886859 813116
55400 888759 814616
55500 890659 816116
55600 892559 817616
55700 894459 819116
55800 896359 820616
55900 898259 822116
56000 900159 823616
56100 902059 825116
56200 903959 826616
56300 905859 828116
56400 907759 829616
56500 909659 831116
56600 911559 832616
56700 913459 834116
56800 915359 835616
56900 917259 837116
57000 919159 838616
57100 921059 840116
57200 922959 841616
57300 924859 843116
57400 926815 844616
57500 928815 846116
57600 930815 847616
57700 932815 849116
57800 934815 850616
57900 936815 852116
58000 938815 853616
58100 940815 855116
58200 942815 856616
58300 944815 858116
58400 946815 859616
58500 948815 861116
58600 950815 862616
58700 952815 864116
58800 954815 865616
58900 956815 867116
59000 958815 868616
59100 960815 870116
59200 962815 871616
59300 964815 873116
59400 966815 874616
59500 968815 876116
59600 970815 877616
59700 972815 879116
59800 974815 880616
59900 976815 882116
60000 978815 883616
60100 980815 885116
60200 982815 886616
60300 984815 888116
60400 986815 889616
60500 988815 891116
60600 990815 892616
60700 992815 894116
60800 994815 895616
60900 996815 897116
61000 998815 898616
61100 1000815 900116
61200 1002815 901616
61300 1004815 903116
61400 1006815 904616
61500 1008815 906116
61600 1010815 907616
61700 1012815 909116
61800 1014815 910616
61900 1016815 912116
62000 1018815 913616
62100 1020815 915116
62200 1022815 916616
62300 1024815 918116
62400 1026815 919616
62500 1028815 921116
62600 1030815 922616
62700 1032815 924116
62800 1034815 925616
62900 1036815 927116
63000 1038815 928616
63100 1040815 930116
63200 1042815 931616
63300 1044815 933116
63400 1046815 934616
63500 1048815 936116
63600 1050815 937616
63700 1052815 939116
63800 1054815 940616
63900 1056815 942116
64000 1058815 943616
64100 1060815 945116
64200 1062815 946616
64300 1064815 948116
64400 1066815 949616
64500 1068815 951116
64600 1070815 952616
64700 1072815 954116
64800 1074815 955616
64900 1076815 957116
65000 1078815 958616
65100 1080815 960116
65200 1082815 961616
65300 1084815 963116
65400 1086815 964616
65500 1088815 966116
65600 1090879 967616
65700 1092979 969116
65800 1095079 970616
65900 1097179 972116
66000 1099279 973616
66100 1101379 975116
66200 1103479 976616
66300 1105579 978116
66400 1107679 979616
66500 1109779 981116
66600 1111879 982616
66700 1113979 984116
66800 1116079 985616
66900 1118179 987116
67000 1120279 988616
67100 1122379 990116
67200 1124479 991616
67300 1126579 993116
67400 1128679 994616
67500 1130779 996116
67600 1132879 997616
67700 1134979 999116
67800 1137079 1000616
67900 1139179 1002116
68000 1141279 1003616
68100 1143379 1005116
68200 1145479 1006616
68300 1147579 1008116
68400 1149679 1009616
68500 1151779 1011116
68600 1153879 1012616
68700 1155979 1014116
68800 1158079 1015616
68900 1160179 1017116
69000 1162279 1018616
69100 1164379 1020116
69200 1166479 1021616
69300 1168579 1023116
69400 1170679 1024616
69500 1172779 1026116
69600 1174879 1027616
69700 1176979 1029116
69800 1179079 1030616
69900 1181179 1032116
70000 1183279 1033616
70100 1185379 1035116
70200 1187479 1036616
70300 1189579 1038116
70400 1191679 1039616
70500 1193779 1041116
70600 1195879 1042616
70700 1197979 1044116
70800 1200079 1045616
70900 1202179 1047116
71000 1204279 1048616
71100 1206379 1050116
71200 1208479 1051616
71300 1210579 1053116
71400 1212679 1054616
71500 1214779 1056116
71600 1216879 1057616
71700 1218979 1059116
71800 1221079 1060616
71900 1223179 1062116
72000 1225279 1063616
72100 1227379 1065116
72200 1229479 1066616
72300 1231579 1068116
72400 1233679 1069616
72500 1235779 1071116
72600 1237879 1072616
72700 1239979 1074116
72800 1242079 1075616
72900 1244179 1077116
73000 1246279 1078616
73100 1248379 1080116
73200 1250479 1081616
73300 1252579 1083116
73400 1254679 1084616
73500 1256779 1086116
73600 1258879 1087616
73700 1260979 1089116
73800 1262143 1091192
73900 1262943 1093492
74000 1263743 1095792
74100 1264543 1098092
74200 1265343 1100392
74300 1266143 1102692
74400 1266943 1104992
74500 1267743 1107292
74600 1268543 1109592
74700 1269343 1111892
74800 1270143 1114192
74900 1270943 1116492
75000 1271743 1118792
75100 1272543 1121092
75200 1273343 1123392
75300 1274143 1125692
75400 1274943 1127992
75500 1275743 1130292
75600 1276543 1132592
75700 1277343 1134892
75800 1278143 1137192
75900 1278943 1139492
76000 1279743 1141792
76100 1280543 1144092
76200 1281343 1146392
76300 1282143 1148692
76400 1282943 1150992
76500 1283743 1153292
76600 1284543 1155592
76700 1285343 1157892
76800 1286143 1160192
76900 1286943 1162492
77000 1287743 1164792
77100 1288543 1167092
77200 1289343 1169392
77300 1290143 1171692
77400 1290943 1173992
77500 1291743 1176292
77600 1292543 1178592
77700 1293343 1180892
77800 1294143 1183192
77900 1294943 1185492
78000 1295743 1187792
78100 1296543 1190092
78200 1297343 1192392
78300 1298143 1194692
78400 1298943 1196992
78500 1299743 1199292
78600 1300543 1201592
78700 1301343 1203892
78800 1302143 1206192
78900 1302943 1208492
79000 1303743 1210792
79100 1304543 1213092
79200 1305343 1215392
79300 1306143 1217692
79400 1306943 1219992
79500 1307743 1222292
79600 1308543 1224592
79700 1309343 1226892
79800 1310143 1229192
79900 1310943 1231492
80000 1311743 1233792
80100 1312543 1236092
80200 1313343 1238392
80300 1314143 1240692
80400 1314943 1242992
80500 1315743 1245292
80600 1316543 1247592
80700 1317343 1249892
80800 1318143 1252192
80900 1318943 1254492
81000 1319743 1256792
81100 1320543 1259092
81200 1321343 1261392
81300 1322143 1263692
81400 1322943 1265992
81500 1323743 1268292
81600 1324543 1270592
81700 1325343 1272892
81800 1326143 1275192
81900 1326943 1277492
82000 1328623 1279232
82100 1330523 1280832
82200 1332423 1282432
82300 1334323 1284032
82400 1336223 1285632
82500 1338123 1287232
82600 1340023 1288832
82700 1341923 1290432
82800 1343823 1292032
82900 1345723 1293632
83000 1347623 1295232
83100 1349523 1296832
83200 1351423 1298432
83300 1353323 1300032
83400 1355223 1301632
83500 1357123 1303232
83600 1359023 1304832
83700 1360923 1306432
83800 1362823 1308032
83900 1364723 1309632
84000 1366623 1311232
84100 1368523 1312832
84200 1370423 1314432
84300 1372323 1316032
84400 1374223 1317632
84500 1376123 1319232
84600 1378023 1320832
84700 1379923 1322432
84800 1381823 1324032
84900 1383723 1325632
85000 1385623 1327232
85100 1387523 1328832
85200 1389423 1330432
85300 1391323 1332032
85400 1393223 1333632
85500 1395123 1335232
85600 1397023 1336832
85700 1398923 1338432
85800 1400823 1340032
85900 1402723 1341632
86000 1404623 1343232
86100 1406523 1344832
86200 1408423 1346432
86300 1410323 1348032
86400 1412223 1349632
86500 1414123 1351232
86600 1416023 1352832
86700 1417923 1354432
86800 1419823 1356032
86900 1421723 1357632
87000 1423623 1359232
87100 1425523 1360832
87200 1427423 1362432
87300 1429323 1364032
87400 1431223 1365632
87500 1433123 1367232
87600 1435023 1368832
87700 1436923 1370432
87800 1438823 1372032
87900 1440723 1373632
88000 1442623 1375232
88100 1444523 1376832
88200 1446423 1378432
88300 1448323 1380032
88400 1450223 1381632
88500 1452123 1383232
88600 1454023 1384832
88700 1455923 1386432
88800 1457823 1388032
88900 1459723 1389632
89000 1461623 1391232
89100 1463523 1392832
89200 1465423 1394432
89300 1467323 1396032
89400 1469223 1397632
89500 1471123 1399232
89600 1473023 1400832
89700 1474923 1402432
89800 1476823 1404032
89900 1478723 1405632
90000 1480623 1407232
90100 1482523 1408832
90200 1484423 1410432
90300 1486323 1412032
90400 1488223 1413632
90500 1490123 1415232
90600 1492023 1416832
90700 1493923 1418432
90800 1495823 1420032
90900 1497723 1421632
91000 1499623 1423232
91100 1501523 1424832
91200 1503423 1426432
91300 1505323 1428032
91400 1507223 1429632
91500 1509123 1431232
91600 1511023 1432832
91700 1512923 1434432
91800 1514823 1436032
91900 1516723 1437632
92000 1518623 1439232
92100 1520523 1440832
92200 1522423 1442432
92300 1524323 1444032
92400 1526223 1445632
92500 1528123 1447232
92600 1530023 1448832
92700 1531923 1450432
92800 1533823 1452032
92900 1535723 1453632
93000 1537623 1455232
93100 1539523 1456832
93200 1541423 1458432
93300 1543323 1460032
93400 1545223 1461632
93500 1547123 1463232
93600 1549023 1464832
93700 1550923 1466432
93800 1552823 1468032
93900 1554723 1469632
94000 1556623 1471232
94100 1558523 1472832
94200 1560423 1474432
94300 1562323 1476032
94400 1564223 1477632
94500 1566123 1479232
94600 1568023 1480832
94700 1569923 1482432
94800 1571823 1484032
94900 1573723 1485632
95000 1575623 1487232
95100 1577523 1488832
95200 1579423 1490432
95300 1581323 1492032
95400 1583223 1493632
95500 1585123 1495232
95600 1587023 1496832
95700 1588923 1498432
95800 1590823 1500032
95900 1592723 1501632
96000 1594623 1503232
96100 1596523 1504832
96200 1598423 1506432
96300 1600323 1508032
96400 1602223 1509632
96500 1604123 1511232
96600 1606023 1512832
96700 1607923 1514432
96800 1609823 1516032
96900 1611723 1517632
97000 1613623 1519232
97100 1615523 1520832
97200 1617423 1522432
97300 1619323 1524032
97400 1621223 1525632
97500 1623123 1527232
97600 1625023 1528832
97700 1626923 1530432
97800 1628823 1532032
97900 1630723 1533632
98000 1632623 1535232
98100 1634523 1536832
98200 1636423 1538432
98300 1638323 1540032
98400 1640319 1541632
98500 1642319 1543232
98600 1644319 1544832
98700 1646319 1546432
98800 1648319 1548032
98900 1650319 1549632
99000 1652319 1551232
99100 1654319 1552832
99200 1656319 1554432
99300 1658319 1556032
99400 1660319 1557632
99500 1662319 1559232
99600 1664319 1560832
99700 1666319 1562432
99800 1668319 1564032
99900 1670319 1565632
100000 1672319 1567232
