100 872 245
200 2038 533
300 3252 844
400 4392 1185
500 6020 1513
600 7384 1840
700 8329 2202
800 9815 2549
900 11344 2896
1000 12528 3283
1100 13962 3641
1200 15798 3980
1300 16531 4375
1400 18542 4755
1500 19425 5141
1600 21488 5494
1700 23554 5875
1800 23568 6277
1900 25947 6650
2000 25145 7127
2100 27784 7445
2200 28594 7884
2300 29923 8323
2400 32388 8634
2500 34566 9019
2600 34828 9451
2700 37695 9809
2800 37173 10311
2900 39331 10723
3000 39423 11138
3100 43305 11459
3200 42909 11939
3300 46194 12321
3400 44990 12814
3500 46932 13229
3600 49389 13557
3700 52225 13987
3800 52075 14398
3900 53641 14892
4000 55644 15346
4100 56141 15735
4200 55655 16252
4300 59223 16614
4400 62632 16950
4500 61215 17499
4600 60882 17984
4700 63227 18436
4800 68148 18750
4900 66992 19199
5000 66335 19780
5100 70156 20138
5200 70703 20622
5300 70618 21101
5400 74499 21472
5500 79156 21753
5600 75354 22446
5700 77710 22787
5800 83317 23170
5900 81410 23655
6000 84252 24041
6100 82656 24703
6200 86816 25148
6300 82009 25745
6400 86616 26021
6500 86970 26616
6600 90161 26920
6700 90837 27445
6800 93478 27850
6900 93996 28262
7000 93833 28840
7100 98705 29233
7200 97324 29744
7300 99004 30240
7400 98487 30774
7500 106254 31158
7600 107060 31483
7700 104001 32062
7800 108797 32448
7900 107500 33004
8000 109970 33426
8100 116444 33824
8200 114829 34174
8300 115114 34737
8400 114753 35383
8500 120516 35617
8600 119448 36203
8700 120886 36687
8800 128269 37124
8900 123427 37631
9000 127730 38105
9100 124747 38712
9200 126906 39071
9300 129222 39635
9400 128465 40222
9500 127489 40626
9600 136093 40906
9700 137323 41491
9800 133736 42116
9900 135631 42596
10000 137041 43107
10100 140302 43503
10200 138740 44070
10300 144334 44327
10400 151096 44740
10500 143214 45552
10600 145240 46031
10700 149679 46346
10800 148588 47047
10900 145261 47692
11000 154575 47860
11100 151879 48535
11200 155728 48898
11300 152448 49555
11400 158601 49995
11500 157623 50510
11600 165721 50813
11700 164997 51345
11800 163059 51881
11900 169724 52330
12000 169604 52876
12100 168280 53526
12200 171696 53939
12300 171534 54396
12400 172421 54803
12500 172420 55398
12600 177348 55674
12700 177973 56181
12800 181922 56697
12900 176985 57558
13000 187886 57550
13100 182612 58335
13200 192489 58679
13300 189308 59541
13400 184718 59875
13500 191385 60319
13600 200013 60602
13700 190653 61613
13800 195573 61831
13900 192272 62637
14000 197535 62805
14100 198412 63394
14200 195393 64213
14300 200816 64509
14400 198773 64973
14500 200038 65469
14600 206736 65909
14700 201271 66841
14800 208098 67193
14900 212345 67594
15000 209662 68045
15100 206972 68953
15200 214441 69168
15300 215719 69652
15400 223682 69794
15500 217687 70688
15600 219381 70926
15700 224197 71663
15800 222207 72267
15900 220627 72842
16000 220012 73482
16100 226505 73725
16200 226648 74364
16300 243030 74439
16400 226763 75547
16500 228372 75955
16600 236469 76227
16700 238437 76767
16800 240006 77299
16900 243727 77730
17000 237409 78608
17100 240976 79015
17200 245274 79405
17300 250411 79809
17400 239370 80752
17500 242685 81248
17600 248123 81576
17700 251404 82002
17800 247467 82809
17900 252626 83032
18000 254237 83827
18100 266711 83970
18200 266251 84516
18300 263978 85287
18400 268855 85492
18500 263518 86308
18600 267770 86570
18700 263044 87591
18800 268779 87748
18900 266643 88300
19000 272320 88654
19100 263873 89584
19200 271498 89848
19300 277318 90436
19400 269135 91008
19500 278822 91567
19600 275417 92118
19700 270153 93089
19800 272884 93530
19900 286296 93695
20000 280158 94324
20100 285618 94597
20200 292277 95217
20300 295667 95452
20400 297254 96170
20500 302015 96367
20600 284849 97695
20700 302326 97728
20800 299200 98441
20900 306063 98599
21000 297248 99549
21100 293104 100167
21200 309812 100425
21300 315320 100665
21400 300293 101741
21500 320383 101729
21600 325108 101854
21700 302914 103572
21800 305530 103829
21900 323746 104079
22000 321643 104348
22100 323211 105135
22200 316019 106111
22300 321995 106134
22400 316813 106996
22500 327851 107354
22600 337969 107706
22700 323659 108551
22800 332444 108651
22900 330288 109488
23000 327485 110024
23100 337522 110561
23200 332891 111483
23300 332302 111944
23400 334486 112302
23500 343457 112448
23600 344180 113273
23700 344709 113719
23800 345124 114328
23900 341796 115126
24000 353372 115442
24100 351002 115854
24200 341929 116762
24300 364636 116633
24400 355468 117410
24500 353434 118369
24600 345763 119030
24700 351886 119658
24800 356589 120288
24900 359990 120595
25000 362611 121090
25100 353532 122072
25200 369153 121914
25300 358515 122960
25400 363252 123202
25500 370863 123502
25600 381959 124054
25700 379585 124571
25800 391226 125093
25900 378836 125895
26000 371040 126475
26100 384586 127218
26200 401749 127048
26300 374836 128292
26400 370606 129213
26500 399333 128699
26600 388769 129774
26700 389227 130167
26800 390032 131161
26900 396579 131401
27000 395019 132037
27100 392526 133072
27200 393578 132943
27300 388039 134223
27400 397887 134537
27500 394170 135209
27600 393579 135950
27700 408279 135775
27800 416476 136107
27900 404748 137117
28000 413963 137283
28100 414319 138096
28200 411127 138792
28300 406523 139581
28400 422067 139892
28500 414734 140707
28600 404248 141625
28700 417727 141608
28800 417828 142390
28900 423163 142949
29000 417404 143535
29100 420574 144342
29200 430901 144913
29300 434055 144679
29400 434367 145201
29500 423263 146467
29600 433725 146573
29700 451920 146802
29800 424172 148024
29900 428877 148678
30000 433918 149030
30100 439060 149528
30200 446314 150263
30300 479792 150046
30400 442599 151395
30500 459243 151549
30600 466589 152162
30700 449682 153075
30800 461059 152926
30900 447945 154612
31000 451032 154574
31100 463311 154983
31200 464417 155897
31300 466813 155842
31400 456381 157551
31500 460386 157789
31600 466477 158042
31700 454806 158831
31800 466988 159787
31900 463833 160204
32000 468234 160608
32100 460443 161191
32200 459646 162228
32300 483078 161540
32400 481422 162554
32500 480066 163330
32600 487869 163641
32700 470678 164689
32800 470278 165733
32900 493383 165310
33000 475241 166515
33100 496722 166590
33200 480554 167442
33300 506631 167185
33400 496043 168711
33500 481392 169375
33600 485802 169843
33700 479277 170819
33800 499673 170759
33900 523653 170758
34000 491008 172487
34100 504301 172438
34200 511099 173126
34300 496285 174068
34400 490902 174940
34500 522553 174519
34600 511455 175266
34700 523014 175665
34800 516602 176629
34900 512419 177037
35000 502751 178107
35100 527241 177706
35200 528284 178024
35300 532514 178892
35400 520298 180353
35500 546425 179639
35600 519762 181203
35700 560319 180261
35800 543896 181640
35900 527977 182771
36000 529538 183589
36100 538504 183690
36200 534959 184385
36300 540127 184894
36400 548924 185594
36500 548111 186329
36600 540892 186705
36700 549741 187065
36800 564969 187137
36900 544766 188647
37000 551161 188990
37100 536324 190077
37200 559222 190176
37300 591522 189285
37400 547990 191640
37500 554154 192039
37600 552706 192380
37700 555762 192907
37800 549109 194076
37900 579288 193400
38000 568842 194404
38100 556217 195573
38200 561555 196389
38300 571261 196215
38400 571568 197419
38500 582492 197054
38600 584114 197683
38700 570571 199564
38800 587503 199289
38900 595146 199426
39000 576584 200643
39100 564066 201849
39200 598621 201101
39300 612858 201303
39400 600889 202104
39500 588840 203253
39600 600539 204094
39700 587504 204752
39800 594928 204754
39900 594512 205721
40000 593570 206368
40100 607951 206786
40200 597088 206894
40300 600943 208180
40400 597491 208604
40500 591198 209730
40600 588628 210401
40700 613658 209750
40800 596749 210865
40900 613524 211056
41000 599609 212077
41100 626839 212150
41200 624208 212929
41300 619055 213836
41400 613205 214759
41500 588817 216169
41600 630043 215232
41700 637491 215238
41800 618430 216706
41900 630361 217241
42000 639899 217619
42100 615556 218960
42200 645005 218207
42300 648169 218689
42400 627657 220495
42500 633739 220544
42600 644770 221423
42700 661477 221145
42800 651650 221993
42900 652110 222825
43000 662995 223095
43100 668474 223588
43200 647478 224728
43300 649504 225386
43400 652922 225591
43500 646725 226539
43600 637173 227588
43700 647108 228052
43800 677131 227269
43900 665324 228569
44000 654302 229569
44100 657692 230158
44200 670541 230543
44300 648748 231653
44400 650887 232386
44500 661276 232165
44600 673265 232818
44700 695867 232426
44800 670240 234104
44900 653300 235537
45000 664848 235800
45100 677749 235809
45200 683060 236266
45300 691056 236911
45400 673946 237860
45500 682257 238055
45600 679666 239051
45700 669052 239953
45800 665034 240933
45900 684688 240775
46000 680388 241411
46100 696385 241553
46200 695378 242644
46300 705551 242563
46400 692581 243767
46500 686331 244323
46600 722666 244081
46700 708116 245419
46800 700326 246275
46900 720085 245730
47000 710281 246152
47100 703958 247816
47200 694085 249146
47300 701218 249203
47400 703266 249723
47500 715606 249916
47600 740205 249398
47700 708799 251298
47800 757198 250780
47900 709832 252939
48000 722874 253123
48100 705403 254406
48200 734899 253951
48300 724726 255231
48400 747467 255282
48500 727050 256003
48600 751782 256039
48700 739954 257130
48800 741079 257477
48900 779438 256884
49000 749109 258729
49100 732766 260261
49200 740147 260330
49300 737538 260540
49400 762534 260312
49500 737096 262672
49600 754577 262373
49700 791838 262163
49800 750129 263986
49900 761470 264230
50000 780593 264034
50100 783774 264595
50200 776807 265501
50300 751619 267009
50400 778677 266942
50500 740904 268880
50600 785977 268138
50700 784250 268587
50800 768150 269918
50900 780565 270034
51000 767956 270786
51100 785364 270614
51200 789491 271720
51300 806633 271501
51400 795274 272677
51500 769831 274571
51600 790248 274301
51700 778683 274668
51800 791280 275759
51900 794255 275807
52000 793442 276068
52100 784713 277595
52200 801109 278055
52300 772497 279146
52400 806533 278713
52500 820152 278384
52600 810691 279882
52700 813359 280367
52800 822807 280614
52900 805546 282155
53000 833223 281709
53100 783767 284465
53200 789601 284402
53300 808994 284783
53400 790024 285925
53500 820642 285392
53600 802634 286980
53700 824002 286987
53800 815997 287667
53900 822645 288035
54000 822771 288373
54100 836661 289002
54200 805367 291007
54300 818677 291372
54400 821772 291268
54500 819911 292387
54600 839782 291818
54700 867973 291869
54800 831651 293758
54900 842827 293525
55000 852658 294822
55100 837281 295699
55200 862197 295573
55300 832242 296893
55400 853506 297126
55500 858801 297168
55600 838560 298585
55700 848641 299247
55800 873640 298666
55900 843775 301181
56000 837983 301979
56100 895299 300617
56200 889415 301183
56300 858726 303320
56400 861835 303075
56500 865332 303985
56600 884014 304262
56700 885124 304889
56800 877173 305895
56900 854423 307040
57000 880599 306637
57100 875402 307853
57200 875704 308510
57300 883402 308662
57400 883611 309493
57500 857911 310843
57600 867850 311513
57700 868856 311675
57800 873792 312212
57900 888437 312118
58000 878559 313753
58100 926270 312960
58200 900580 313622
58300 888126 315310
58400 888753 315636
58500 890868 316407
58600 903659 317160
58700 931752 316636
58800 896300 318093
58900 908182 319233
59000 906054 319884
59100 912887 320109
59200 875270 322791
59300 920180 320275
59400 926460 321709
59500 911378 322445
59600 911878 323686
59700 894355 324609
59800 946220 323727
59900 924043 324359
60000 918456 325463
60100 920724 325957
60200 933079 326533
60300 903961 328621
60400 955851 327808
60500 936284 328923
60600 924862 329291
60700 1000370 327300
60800 934957 330649
60900 975629 329717
61000 920255 332528
61100 954472 331749
61200 935669 333407
61300 941920 334433
61400 947813 334876
61500 947034 334767
61600 938649 336132
61700 992662 334034
61800 947046 336858
61900 957536 337084
62000 960632 338343
62100 934732 339924
62200 954093 339097
62300 946311 340882
62400 951637 341103
62500 943510 342180
62600 954461 341991
62700 934141 343854
62800 978111 342233
62900 981742 343396
63000 979726 344067
63100 956321 345491
63200 1028518 344248
63300 990323 345660
63400 1006427 345940
63500 991769 346420
63600 1000540 347569
63700 988404 348737
63800 1001275 348313
63900 985133 349861
64000 994422 350405
64100 1032848 350493
64200 975239 352735
64300 967989 353397
64400 1012073 352605
64500 1017445 353127
64600 999791 354299
64700 991395 355311
64800 996431 355929
64900 1035781 355326
65000 1011076 356008
65100 1006356 358077
65200 1072997 355387
65300 1030092 357887
65400 1001428 359392
65500 995261 360668
65600 1012411 359595
65700 1069271 359711
65800 1015024 361949
65900 1015256 363265
66000 1035081 363067
66100 1019030 363739
66200 1067112 363385
66300 1018242 364638
66400 1025285 365462
66500 1035045 366051
66600 1029043 367205
66700 1066346 366579
66800 1024919 367716
66900 1013753 369277
67000 1049501 369391
67100 1090450 368356
67200 1051165 369869
67300 1055220 370621
67400 1031359 372064
67500 1026941 372850
67600 1054366 372157
67700 1069039 372461
67800 1060725 373561
67900 1063449 374524
68000 1052152 375507
68100 1086167 376337
68200 1026515 377893
68300 1073243 376576
68400 1066735 377777
68500 1042714 379426
68600 1042725 380312
68700 1060884 380344
68800 1070369 380851
68900 1089891 380610
69000 1084158 382631
69100 1095467 381538
69200 1122260 381630
69300 1087590 383719
69400 1071630 384382
69500 1074518 384856
69600 1078698 385686
69700 1085946 386289
69800 1088088 386188
69900 1117045 385899
70000 1127420 386957
70100 1101380 387603
70200 1093161 389035
70300 1116825 389129
70400 1072700 392187
70500 1126227 390176
70600 1110948 391752
70700 1098116 391942
70800 1060692 394733
70900 1126112 392236
71000 1152845 392592
71100 1161290 392564
71200 1135962 394819
71300 1121833 395410
71400 1096629 397456
71500 1123140 397217
71600 1141831 397244
71700 1155066 396543
71800 1153410 398706
71900 1135779 399210
72000 1143659 400007
72100 1132343 400159
72200 1089065 403286
72300 1130223 402522
72400 1122248 403031
72500 1123555 404394
72600 1119730 405243
72700 1177742 403723
72800 1148694 404799
72900 1158684 404591
73000 1154671 406336
73100 1159581 407469
73200 1132481 407884
73300 1160895 408809
73400 1190024 408440
73500 1168233 409559
73600 1149788 410681
73700 1163300 410570
73800 1177409 411251
73900 1190135 411175
74000 1159867 413349
74100 1147179 413731
74200 1195519 412724
74300 1182475 414382
74400 1182331 414287
74500 1194888 415004
74600 1217685 415566
74700 1168767 417229
74800 1200193 417024
74900 1186018 418049
75000 1160402 418694
75100 1220664 418645
75200 1175434 420603
75300 1193484 419983
75400 1185436 420975
75500 1171487 422467
75600 1182362 422610
75700 1260674 420931
75800 1211744 423895
75900 1183013 424974
76000 1178946 425340
76100 1212030 425085
76200 1239636 425456
76300 1236522 427820
76400 1195908 427954
76500 1188428 428694
76600 1220128 428249
76700 1247745 428609
76800 1262315 429292
76900 1230530 429400
77000 1229980 430841
77100 1262593 430451
77200 1244495 432262
77300 1207147 433012
77400 1295747 430962
77500 1247427 432903
77600 1213989 435378
77700 1235217 435483
77800 1202830 436651
77900 1262497 436506
78000 1222373 437341
78100 1221633 438410
78200 1207776 439686
78300 1268591 439118
78400 1233394 441119
78500 1197350 442029
78600 1273823 439594
78700 1242101 441962
78800 1237385 442838
78900 1205812 444140
79000 1236198 443806
79100 1222718 445509
79200 1241127 445325
79300 1242676 445968
79400 1211415 448060
79500 1269645 445417
79600 1245068 447826
79700 1286867 448151
79800 1310469 447097
79900 1248113 450158
80000 1280307 449334
80100 1304987 449817
80200 1240014 452612
80300 1281830 451060
80400 1304599 450884
80500 1247311 454487
80600 1265354 453989
80700 1278983 453951
80800 1247537 456006
80900 1321370 455379
81000 1279933 456503
81100 1262444 457632
81200 1296635 456706
81300 1252042 459214
81400 1251215 460476
81500 1287240 459763
81600 1294161 460794
81700 1299225 460599
81800 1308257 461429
81900 1255093 463779
82000 1282256 462813
82100 1318130 462956
82200 1270524 465102
82300 1285447 465916
82400 1278373 465220
82500 1332885 465133
82600 1314642 466410
82700 1276760 468008
82800 1288117 468073
82900 1334484 468319
83000 1260657 470873
83100 1336202 468241
83200 1302837 470194
83300 1321718 470853
83400 1282887 472736
83500 1358561 470855
83600 1336038 471769
83700 1285125 475265
83800 1335773 474043
83900 1392989 471242
84000 1363589 474345
84100 1329581 475405
84200 1363247 476139
84300 1312173 478373
84400 1368302 477010
84500 1310910 479027
84600 1371896 477930
84700 1379327 477550
84800 1349836 480217
84900 1338187 481108
85000 1372478 481050
85100 1363798 480556
85200 1354483 482061
85300 1352873 483652
85400 1397173 483299
85500 1345104 485191
85600 1340399 485861
85700 1367631 485008
85800 1357145 488503
85900 1338499 489073
86000 1385463 486690
86100 1324396 490799
86200 1364534 490010
86300 1401704 488388
86400 1401528 489612
86500 1341491 492726
86600 1361144 491962
86700 1421772 491730
86800 1379381 492746
86900 1365316 494368
87000 1401820 493536
87100 1422576 492889
87200 1365563 495744
87300 1409314 495486
87400 1397685 496506
87500 1388037 496916
87600 1428773 495665
87700 1417209 497465
87800 1381704 499912
87900 1421963 499369
88000 1432385 499057
88100 1459227 498896
88200 1417958 500368
88300 1461642 500343
88400 1380597 503494
88500 1426012 502615
88600 1384696 504902
88700 1424473 503349
88800 1423253 505031
88900 1417610 505460
89000 1402419 507627
89100 1417689 507411
89200 1369884 509552
89300 1487195 506398
89400 1474407 507222
89500 1421767 509059
89600 1437809 510907
89700 1397151 512221
89800 1423127 512731
89900 1401369 513436
90000 1409993 513589
90100 1407241 514865
90200 1432122 515577
90300 1421496 515570
90400 1413610 515967
90500 1397460 517610
90600 1445753 517086
90700 1402386 518804
90800 1444401 517856
90900 1389649 521296
91000 1433972 519689
91100 1460171 520275
91200 1413619 522044
91300 1501226 520469
91400 1427510 523447
91500 1496683 522025
91600 1437097 523812
91700 1477157 523853
91800 1486900 523277
91900 1429525 526692
92000 1489939 524701
92100 1504021 526149
92200 1494806 526099
92300 1467588 527746
92400 1434658 530089
92500 1453658 530138
92600 1446468 531384
92700 1517012 528250
92800 1437399 533033
92900 1486112 531555
93000 1524963 531524
93100 1469651 532935
93200 1463207 534544
93300 1444992 536285
93400 1503321 534530
93500 1508406 533964
93600 1507991 535663
93700 1489488 536513
93800 1474891 538344
93900 1517960 536842
94000 1528901 537726
94100 1467631 540122
94200 1495726 539622
94300 1521963 540108
94400 1546042 539522
94500 1518598 541152
94600 1476551 542926
94700 1505369 543611
94800 1518308 543251
94900 1520146 544115
95000 1523940 544009
95100 1532067 546272
95200 1523997 545474
95300 1549218 546621
95400 1480321 548888
95500 1557675 547264
95600 1537949 548606
95700 1525861 549569
95800 1510048 550991
95900 1545888 550985
96000 1553893 550669
96100 1507618 553396
96200 1547680 552203
96300 1574456 552726
96400 1565839 552870
96500 1503263 556082
96600 1503954 557119
96700 1512690 556891
96800 1548121 556252
96900 1541119 557313
97000 1545638 558327
97100 1541168 559817
97200 1551744 559122
97300 1582029 559416
97400 1595780 559212
97500 1557537 561865
97600 1560177 561882
97700 1576057 561025
97800 1620234 560193
97900 1554994 563785
98000 1577593 562873
98100 1592766 563795
98200 1596056 567993
98300 1573047 565999
98400 1533632 568590
98500 1675099 563634
98600 1567622 567449
98700 1628039 567437
98800 1575332 570150
98900 1611079 569018
99000 1569475 571323
99100 1603758 571874
99200 1611281 571072
99300 1573130 572994
99400 1591338 573834
99500 1575290 574229
99600 1574590 574978
99700 1644128 573153
99800 1586245 575497
99900 1645566 574910
100000 1580327 577515
