100 429 231
200 1193 462
300 1954 692
400 2924 920
500 3545 1156
600 4963 1384
700 5256 1616
800 7199 1838
900 8515 2070
1000 8628 2300
1100 9689 2533
1200 10969 2768
1300 13000 3004
1400 13717 3219
1500 15164 3452
1600 15242 3687
1700 17510 3911
1800 18586 4158
1900 19194 4378
2000 21312 4619
2100 21730 4854
2200 22909 5071
2300 26273 5314
2400 27124 5528
2500 26128 5755
2600 26825 5989
2700 29549 6233
2800 31404 6448
2900 30065 6681
3000 33678 6921
3100 35019 7154
3200 36380 7364
3300 37529 7586
3400 38682 7840
3500 39774 8075
3600 40876 8292
3700 41254 8523
3800 43504 8761
3900 45852 8993
4000 46343 9217
4100 48723 9454
4200 49759 9669
4300 49727 9918
4400 53320 10133
4500 52158 10338
4600 53000 10610
4700 57494 10839
4800 55490 11071
4900 58635 11282
5000 60523 11531
5100 61833 11770
5200 62615 11980
5300 63917 12217
5400 68570 12449
5500 69180 12681
5600 66071 12887
5700 71967 13150
5800 72592 13365
5900 72590 13618
6000 73990 13838
6100 76906 14062
6200 81987 14300
6300 76517 14502
6400 78815 14747
6500 80021 14999
6600 84013 15209
6700 86153 15462
6800 85142 15645
6900 85941 15912
7000 86713 16142
7100 93559 16347
7200 94873 16586
7300 91218 16826
7400 92924 17037
7500 96794 17283
7600 106364 17504
7700 101214 17743
7800 101892 17973
7900 103615 18215
8000 103147 18460
8100 109668 18647
8200 105380 18898
8300 104890 19158
8400 111167 19360
8500 110888 19568
8600 114155 19850
8700 116451 20048
8800 115762 20289
8900 121739 20519
9000 116928 20743
9100 123195 20987
9200 122614 21188
9300 121681 21457
9400 123389 21666
9500 128647 21892
9600 127632 22120
9700 130313 22334
9800 131471 22590
9900 135226 22820
10000 137955 23074
10100 129015 23299
10200 129273 23529
10300 139419 23736
10400 146995 23956
10500 142253 24189
10600 141091 24440
10700 146271 24682
10800 146814 24890
10900 149884 25085
11000 146815 25349
11100 150863 25589
11200 150852 25791
11300 151572 26048
11400 157171 26275
11500 160519 26498
11600 161430 26771
11700 161525 26980
11800 158028 27179
11900 162506 27388
12000 166526 27655
12100 167925 27876
12200 168165 28117
12300 179789 28344
12400 170792 28556
12500 176665 28824
12600 173822 29028
12700 176847 29285
12800 171121 29472
12900 183503 29720
13000 182213 29959
13100 187084 30177
13200 180912 30421
13300 185012 30658
13400 187731 30869
13500 192079 31130
13600 188918 31332
13700 186282 31535
13800 194833 31786
13900 196381 32054
14000 203491 32235
14100 190687 32503
14200 198694 32722
14300 209633 32952
14400 207195 33195
14500 203721 33404
14600 212365 33688
14700 203363 33851
14800 212170 34113
14900 209232 34346
15000 216913 34588
15100 213175 34806
15200 213183 35045
15300 213931 35296
15400 222804 35466
15500 217686 35737
15600 219892 35941
15700 224696 36209
15800 233756 36402
15900 223172 36643
16000 237288 36871
16100 230070 37108
16200 230306 37338
16300 235329 37575
16400 231086 37790
16500 238673 38008
16600 238478 38247
16700 242718 38510
16800 255260 38732
16900 236666 38965
17000 245375 39195
17100 246129 39404
17200 240685 39602
17300 261073 39905
17400 251874 40148
17500 254999 40347
17600 269839 40579
17700 262991 40790
17800 256321 41017
17900 255566 41231
18000 256730 41479
18100 273108 41739
18200 276371 41918
18300 262264 42186
18400 266137 42402
18500 262297 42571
18600 270774 42882
18700 272505 43089
18800 268155 43268
18900 286021 43534
19000 270309 43832
19100 278123 44024
19200 278361 44217
19300 292969 44504
19400 296826 44687
19500 282596 44941
19600 293965 45204
19700 307358 45372
19800 282492 45676
19900 296670 45901
20000 292725 46077
20100 299346 46322
20200 294293 46578
20300 294249 46787
20400 306815 46967
20500 313074 47275
20600 298746 47476
20700 313410 47707
20800 298598 47917
20900 314219 48125
21000 317952 48370
21100 317516 48611
21200 319500 48859
21300 317027 49094
21400 307792 49317
21500 335601 49540
21600 315352 49800
21700 320022 50021
21800 331490 50225
21900 350649 50485
22000 333888 50664
22100 330416 50930
22200 334652 51187
22300 341308 51390
22400 339375 51664
22500 336175 51828
22600 336816 52064
22700 335652 52289
22800 344278 52565
22900 346222 52742
23000 364692 53024
23100 354338 53194
23200 364078 53464
23300 353003 53714
23400 348494 53871
23500 351396 54171
23600 359846 54414
23700 350750 54615
23800 372103 54846
23900 351171 55120
24000 366033 55323
24100 355614 55592
24200 363390 55775
24300 373320 55998
24400 371684 56185
24500 368669 56439
24600 378207 56681
24700 377940 56907
24800 383277 57160
24900 372261 57387
25000 370133 57625
25100 372464 57844
25200 392745 58033
25300 388346 58318
25400 394871 58508
25500 375762 58750
25600 387098 58988
25700 394463 59195
25800 401004 59463
25900 402265 59691
26000 410140 60002
26100 391813 60137
26200 405122 60412
26300 401821 60653
26400 400813 60857
26500 407279 61087
26600 404709 61313
26700 415513 61540
26800 401840 61832
26900 422165 61990
27000 426633 62225
27100 434639 62406
27200 417624 62713
27300 423013 62927
27400 424863 63148
27500 418015 63377
27600 434799 63617
27700 425875 63825
27800 420925 64086
27900 432008 64328
28000 438684 64504
28100 422990 64810
28200 449397 64945
28300 446940 65172
28400 435180 65431
28500 445675 65685
28600 440597 65938
28700 445983 66150
28800 450950 66332
28900 441470 66571
29000 467045 66829
29100 453577 67087
29200 446704 67342
29300 449570 67546
29400 461217 67725
29500 461911 67988
29600 452955 68237
29700 486081 68475
29800 462320 68668
29900 469897 68896
30000 467519 69135
30100 470332 69414
30200 485235 69613
30300 468341 69857
30400 460660 70073
30500 500652 70274
30600 489528 70502
30700 481038 70733
30800 484676 70962
30900 483551 71208
31000 500993 71445
31100 493853 71726
31200 485337 71933
31300 488100 72088
31400 504454 72351
31500 501160 72610
31600 495064 72740
31700 493066 73095
31800 503792 73259
31900 494342 73507
32000 507718 73830
32100 507167 74005
32200 521176 74217
32300 503754 74425
32400 524664 74683
32500 519682 74898
32600 519243 75131
32700 508954 75391
32800 519578 75588
32900 513732 75826
33000 536060 76061
33100 554900 76235
33200 523117 76537
33300 547343 76809
33400 511892 76993
33500 544661 77229
33600 527355 77428
33700 540892 77661
33800 538943 77913
33900 533234 78121
34000 525990 78366
34100 526788 78560
34200 543323 78818
34300 546155 79033
34400 557962 79262
34500 560321 79509
34600 548407 79763
34700 566094 79892
34800 562189 80188
34900 534763 80446
35000 564849 80639
35100 558474 80915
35200 552777 81124
35300 559307 81346
35400 565824 81507
35500 600173 81830
35600 583052 82092
35700 558492 82283
35800 562002 82514
35900 569712 82696
36000 568832 82934
36100 568406 83198
36200 573839 83419
36300 583864 83722
36400 569971 83862
36500 582472 84110
36600 570582 84336
36700 597372 84557
36800 595828 84808
36900 613251 85005
37000 601450 85307
37100 615212 85559
37200 605627 85714
37300 588713 85975
37400 613900 86196
37500 607798 86402
37600 607440 86660
37700 603562 86889
37800 611942 87178
37900 613019 87372
38000 607502 87643
38100 607517 87859
38200 640937 88007
38300 621782 88255
38400 638303 88410
38500 635707 88681
38600 624727 88941
38700 628155 89170
38800 652354 89469
38900 610074 89726
39000 616186 89906
39100 632629 90201
39200 629919 90344
39300 609563 90596
39400 642249 90759
39500 657021 90961
39600 660886 91308
39700 644502 91522
39800 651213 91739
39900 642241 91976
40000 648795 92253
40100 643604 92408
40200 658660 92626
40300 650006 92904
40400 669469 93186
40500 684898 93336
40600 622871 93589
40700 662035 93756
40800 656245 94052
40900 699444 94279
41000 704527 94517
41100 649720 94724
41200 653364 94993
41300 678779 95180
41400 707854 95459
41500 653917 95640
41600 666833 95789
41700 693716 96064
41800 685233 96361
41900 680621 96552
42000 676442 96795
42100 686891 96968
42200 682902 97264
42300 684584 97579
42400 684926 97715
42500 695684 97913
42600 710773 98185
42700 690612 98420
42800 702074 98660
42900 706700 98889
43000 701695 99118
43100 706908 99282
43200 702463 99503
43300 696866 99773
43400 694286 100070
43500 704409 100286
43600 706291 100529
43700 741710 100601
43800 716828 100974
43900 698850 101185
44000 708235 101415
44100 727064 101634
44200 719298 101811
44300 735554 102062
44400 717931 102281
44500 730698 102504
44600 734591 102726
44700 737082 103020
44800 743211 103263
44900 741893 103534
45000 724216 103754
45100 726710 103907
45200 749205 104149
45300 741679 104428
45400 766695 104690
45500 777885 104885
45600 771320 105052
45700 758422 105271
45800 763036 105590
45900 718503 105816
46000 743177 106062
46100 768594 106216
46200 815214 106511
46300 749557 106772
46400 758025 106937
46500 763640 107279
46600 768653 107346
46700 766324 107633
46800 764646 107851
46900 759243 108107
47000 793100 108293
47100 804459 108546
47200 799723 108766
47300 803663 109014
47400 788897 109249
47500 791550 109470
47600 772668 109700
47700 828161 109986
47800 802838 110186
47900 809385 110392
48000 818600 110578
48100 771713 110792
48200 801779 111029
48300 803677 111372
48400 811388 111564
48500 801575 111714
48600 825118 112020
48700 795313 112181
48800 834588 112462
48900 828108 112677
49000 821603 112917
49100 820486 113085
49200 820588 113314
49300 816843 113644
49400 825891 113903
49500 801307 114048
49600 820899 114312
49700 834053 114488
49800 830161 114803
49900 840377 114947
50000 802693 115245
50100 870355 115468
50200 829256 115750
50300 859969 115974
50400 838706 116147
50500 856295 116350
50600 864616 116696
50700 836715 116784
50800 846344 117072
50900 830586 117312
51000 827645 117614
51100 856660 117766
51200 844903 117985
51300 845250 118192
51400 860705 118469
51500 844653 118726
51600 851941 118922
51700 864805 119107
51800 863106 119490
51900 880914 119580
52000 846579 119832
52100 886329 120076
52200 842880 120304
52300 910637 120581
52400 878355 120794
52500 879290 120940
52600 901730 121213
52700 876000 121464
52800 898427 121653
52900 883543 121922
53000 889185 122113
53100 914068 122308
53200 877210 122644
53300 929411 122905
53400 882481 123049
53500 882124 123342
53600 895253 123547
53700 942500 123827
53800 903631 124004
53900 877173 124314
54000 885488 124501
54100 900892 124649
54200 913968 124932
54300 919633 125132
54400 949249 125352
54500 914616 125559
54600 903809 125833
54700 913174 126110
54800 914368 126344
54900 923491 126549
55000 950432 126826
55100 940869 126965
55200 952821 127221
55300 941506 127517
55400 943228 127650
55500 966220 127875
55600 953853 128161
55700 938030 128345
55800 958300 128572
55900 954723 128821
56000 942659 129011
56100 946983 129339
56200 954007 129502
56300 957653 129725
56400 938738 130000
56500 970789 130206
56600 975683 130454
56700 952106 130708
56800 947005 130916
56900 946110 131137
57000 934371 131399
57100 962511 131685
57200 990048 131748
57300 978759 132060
57400 965078 132282
57500 980628 132512
57600 973685 132743
57700 984273 132948
57800 967868 133288
57900 1005999 133392
58000 989769 133666
58100 958790 133917
58200 991877 134050
58300 984065 134362
58400 1002657 134522
58500 992683 134844
58600 986850 135015
58700 996345 135263
58800 984939 135503
58900 1007229 135712
59000 1008165 135931
59100 997288 136227
59200 1035491 136541
59300 994479 136772
59400 1041500 136865
59500 1019528 137087
59600 1010758 137414
59700 1018462 137415
59800 1034339 137831
59900 992530 138078
60000 1063693 138293
60100 1014068 138441
60200 1053000 138763
60300 1030278 138977
60400 1025976 139208
60500 1041788 139494
60600 1047834 139652
60700 1045873 139855
60800 1077854 140101
60900 1038098 140371
61000 1000185 140636
61100 1045437 140801
61200 1033250 140994
61300 1040717 141208
61400 1051491 141500
61500 1050055 141698
61600 1035078 141990
61700 1027894 142151
61800 1065958 142427
61900 1061947 142679
62000 1061927 142909
62100 1081838 143183
62200 1067903 143379
62300 1066259 143602
62400 1034263 143833
62500 1102329 144056
62600 1068919 144281
62700 1062755 144478
62800 1063846 144747
62900 1092356 144912
63000 1051401 145098
63100 1086114 145490
63200 1083277 145671
63300 1087011 145948
63400 1046675 146155
63500 1080757 146326
63600 1095189 146630
63700 1076518 146767
63800 1102449 147006
63900 1074726 147285
64000 1121725 147489
64100 1112803 147730
64200 1121318 147912
64300 1110244 148145
64400 1112614 148427
64500 1089171 148617
64600 1110127 148869
64700 1118544 149121
64800 1114106 149270
64900 1107440 149635
65000 1123793 149671
65100 1139407 150111
65200 1103992 150270
65300 1133664 150585
65400 1160644 150753
65500 1124454 150942
65600 1170874 151199
65700 1144095 151458
65800 1108061 151665
65900 1108879 151862
66000 1124434 152113
66100 1153618 152336
66200 1166371 152576
66300 1152911 152788
66400 1200422 153061
66500 1128523 153259
66600 1159901 153372
66700 1110778 153746
66800 1122037 153901
66900 1130492 154232
67000 1170307 154448
67100 1129008 154587
67200 1144632 154870
67300 1146919 155029
67400 1145021 155423
67500 1150722 155521
67600 1181396 155865
67700 1155150 156016
67800 1184649 156214
67900 1148627 156465
68000 1159684 156711
68100 1178743 156906
68200 1150404 157143
68300 1153466 157358
68400 1172519 157713
68500 1189371 157934
68600 1179195 158073
68700 1197179 158361
68800 1178890 158550
68900 1204912 158840
69000 1221101 159003
69100 1206026 159120
69200 1164311 159596
69300 1242066 159708
69400 1202276 159963
69500 1174451 160118
69600 1178475 160331
69700 1223415 160634
69800 1217037 160912
69900 1185377 161099
70000 1199176 161303
70100 1244247 161495
70200 1209697 161731
70300 1195092 162050
70400 1219507 162245
70500 1180122 162502
70600 1197519 162753
70700 1219513 162956
70800 1232842 163011
70900 1221944 163382
71000 1221673 163625
71100 1208798 163885
71200 1221731 164100
71300 1258708 164440
71400 1224017 164496
71500 1230564 164787
71600 1273832 165095
71700 1220523 165225
71800 1274409 165440
71900 1217321 165661
72000 1273328 165924
72100 1281161 166178
72200 1219067 166486
72300 1251708 166728
72400 1269174 166862
72500 1251334 167058
72600 1253986 167329
72700 1267910 167595
72800 1265271 167781
72900 1232248 168050
73000 1291350 168238
73100 1258336 168503
73200 1293236 168679
73300 1311434 168891
73400 1255464 169112
73500 1293949 169406
73600 1313357 169655
73700 1294027 169915
73800 1291010 169990
73900 1342753 170259
74000 1310421 170535
74100 1313201 170820
74200 1298277 171060
74300 1297225 171196
74400 1287528 171357
74500 1310081 171708
74600 1267744 171932
74700 1306155 172157
74800 1308658 172379
74900 1290704 172625
75000 1289047 172871
75100 1283394 173087
75200 1297810 173352
75300 1327188 173599
75400 1355297 173677
75500 1309427 174091
75600 1327793 174243
75700 1303500 174494
75800 1287216 174702
75900 1369342 174941
76000 1326309 175139
76100 1332479 175388
76200 1295536 175534
76300 1338030 175763
76400 1313248 176145
76500 1350592 176288
76600 1371967 176514
76700 1334634 176880
76800 1361242 176962
76900 1365327 177272
77000 1347607 177469
77100 1352551 177720
77200 1328622 178009
77300 1361828 178181
77400 1345208 178423
77500 1346544 178551
77600 1389523 178829
77700 1398307 179047
77800 1346576 179314
77900 1392185 179587
78000 1333579 179715
78100 1320101 180030
78200 1361366 180244
78300 1390729 180505
78400 1356004 180736
78500 1384365 180900
78600 1370323 181172
78700 1390407 181388
78800 1407546 181623
78900 1403067 181853
79000 1379288 182054
79100 1373719 182368
79200 1414592 182487
79300 1432128 182733
79400 1440571 183051
79500 1385281 183180
79600 1400478 183488
79700 1405019 183718
79800 1410497 184001
79900 1379071 184238
80000 1400258 184418
80100 1406782 184529
80200 1428078 184791
80300 1398617 185112
80400 1440445 185201
80500 1395412 185537
80600 1434092 185785
80700 1472122 185964
80800 1404882 186226
80900 1488735 186472
81000 1403222 186626
81100 1402357 186883
81200 1408229 187185
81300 1432259 187398
81400 1456738 187549
81500 1440579 187849
81600 1436029 188093
81700 1442159 188316
81800 1421161 188518
81900 1463172 188735
82000 1398442 189091
82100 1436709 189198
82200 1444540 189343
82300 1466960 189710
82400 1433130 189923
82500 1441018 190118
82600 1491644 190327
82700 1477128 190645
82800 1475989 190796
82900 1455747 191051
83000 1477423 191391
83100 1499448 191541
83200 1469588 191726
83300 1508580 191933
83400 1521575 192174
83500 1464327 192377
83600 1523337 192589
83700 1468727 192883
83800 1461607 193124
83900 1458343 193393
84000 1533671 193622
84100 1467515 193871
84200 1474840 194067
84300 1507761 194295
84400 1502000 194505
84500 1465034 194743
84600 1506759 194959
84700 1461615 195282
84800 1509009 195457
84900 1502953 195696
85000 1506392 195824
85100 1466961 196203
85200 1473111 196334
85300 1553851 196634
85400 1529675 196736
85500 1539730 197081
85600 1510465 197223
85700 1566405 197493
85800 1629038 197707
85900 1541088 197975
86000 1512038 198285
86100 1583736 198507
86200 1541935 198691
86300 1503911 198929
86400 1520602 199227
86500 1544030 199355
86600 1499136 199596
86700 1520555 199824
86800 1494206 200036
86900 1554584 200252
87000 1536927 200545
87100 1539123 200752
87200 1507509 200916
87300 1535791 201205
87400 1529754 201437
87500 1586696 201637
87600 1572788 201952
87700 1596614 202098
87800 1599024 202306
87900 1548103 202511
88000 1612899 202800
88100 1572240 203079
88200 1535503 203290
88300 1594970 203422
88400 1566865 203816
88500 1575116 203960
88600 1599554 204313
88700 1544576 204415
88800 1556716 204705
88900 1570314 204867
89000 1562348 205171
89100 1595497 205445
89200 1580177 205550
89300 1590520 205852
89400 1605869 206028
89500 1592779 206183
89600 1536920 206471
89700 1633245 206731
89800 1559984 206855
89900 1618532 207186
90000 1641874 207444
90100 1589671 207688
90200 1566904 207863
90300 1583637 208129
90400 1645914 208279
90500 1618915 208567
90600 1629570 208823
90700 1626801 209145
90800 1607336 209174
90900 1601416 209577
91000 1670677 209636
91100 1597583 209949
91200 1624105 210198
91300 1646528 210461
91400 1662586 210662
91500 1603433 210807
91600 1638307 211100
91700 1641948 211316
91800 1610969 211557
91900 1632629 211785
92000 1671713 211960
92100 1618664 212227
92200 1616654 212468
92300 1614930 212719
92400 1661985 213014
92500 1678856 213247
92600 1628335 213345
92700 1648160 213523
92800 1654842 213859
92900 1628526 214186
93000 1671911 214370
93100 1687298 214573
93200 1683436 214749
93300 1646110 215012
93400 1682741 215276
93500 1656425 215409
93600 1694447 215691
93700 1724519 215850
93800 1658998 216105
93900 1701840 216410
94000 1641089 216604
94100 1654007 216887
94200 1696653 217021
94300 1697750 217369
94400 1656340 217645
94500 1698866 217792
94600 1701657 218096
94700 1697251 218357
94800 1673541 218377
94900 1724752 218641
95000 1711292 218921
95100 1700233 219189
95200 1719002 219438
95300 1720677 219702
95400 1693499 219875
95500 1746791 220038
95600 1707145 220377
95700 1702004 220567
95800 1693946 220724
95900 1712073 221095
96000 1749809 221207
96100 1701593 221545
96200 1709416 221741
96300 1718747 221891
96400 1719970 222113
96500 1734229 222305
96600 1735057 222652
96700 1769891 222843
96800 1732870 223101
96900 1785895 223348
97000 1765459 223618
97100 1800719 223934
97200 1733161 224002
97300 1777097 224292
97400 1697608 224453
97500 1789860 224696
97600 1731966 224957
97700 1763666 225213
97800 1744520 225294
97900 1759542 225705
98000 1769129 225815
98100 1738313 226218
98200 1797230 226236
98300 1727902 226524
98400 1763803 226824
98500 1727644 227044
98600 1784366 227248
98700 1763974 227451
98800 1791048 227651
98900 1811105 227865
99000 1792543 228156
99100 1841225 228438
99200 1801937 228592
99300 1765854 228786
99400 1815208 229018
99500 1772464 229189
99600 1858157 229521
99700 1763171 229690
99800 1770490 230048
99900 1816924 230309
100000 1795614 230533
