100 2605 198
200 10110 398
300 22896 598
400 39973 798
500 62785 998
600 92064 1198
700 122490 1398
800 159464 1598
900 203554 1798
1000 247479 1998
1100 298760 2198
1200 359916 2398
1300 425316 2598
1400 481684 2798
1500 557306 2998
1600 642424 3198
1700 727972 3398
1800 806593 3598
1900 890409 3798
2000 997843 3998
2100 1091231 4198
2200 1199567 4398
2300 1317741 4598
2400 1419962 4798
2500 1544985 4998
2600 1657061 5198
2700 1798073 5398
2800 1957205 5598
2900 2088476 5798
3000 2236906 5998
3100 2382859 6198
3200 2522249 6398
3300 2711501 6598
3400 2838697 6798
3500 2991309 6998
3600 3224439 7198
3700 3365692 7398
3800 3569008 7598
3900 3775578 7798
4000 3921927 7998
4100 4191571 8198
4200 4353599 8398
4300 4565784 8598
4400 4777216 8798
4500 5048206 8998
4600 5258100 9198
4700 5471854 9398
4800 5703112 9598
4900 5948143 9798
5000 6198443 9998
5100 6448016 10198
5200 6737895 10398
5300 6948494 10598
5400 7244969 10798
5500 7522491 10998
5600 7836129 11198
5700 8098786 11398
5800 8357572 11598
5900 8637332 11798
6000 8941920 11998
6100 9184304 12198
6200 9551714 12398
6300 9851753 12598
6400 10172860 12798
6500 10451996 12998
6600 10809280 13198
6700 11181918 13398
6800 11468523 13598
6900 11778895 13798
7000 12137918 13998
7100 12462022 14198
7200 12862116 14398
7300 13230093 14598
7400 13613623 14798
7500 13942995 14998
7600 14254589 15198
7700 14684192 15398
7800 14958970 15598
7900 15427938 15798
8000 15765663 15998
8100 16165746 16198
8200 16559420 16398
8300 16956197 16598
8400 17392319 16798
8500 17887067 16998
8600 18350891 17198
8700 18775006 17398
8800 19129635 17598
8900 19645499 17798
9000 20098352 17998
9100 20405810 18198
9200 20988920 18398
9300 21270986 18598
9400 21834751 18798
9500 22256299 18998
9600 22710587 19198
9700 23263280 19398
9800 23786352 19598
9900 24211567 19798
10000 24712322 19998
10100 25293587 20198
10200 25661002 20398
10300 26166796 20598
10400 26692661 20798
10500 27243488 20998
10600 27737600 21198
10700 28364512 21398
10800 28869298 21598
10900 29499955 21798
11000 29962143 21998
11100 30560369 22198
11200 31010117 22398
11300 31551359 22598
11400 32146747 22798
11500 32637085 22998
11600 33206246 23198
11700 33774428 23398
11800 34349735 23598
11900 34927702 23798
12000 35539789 23998
12100 36268923 24198
12200 36926158 24398
12300 37526117 24598
12400 38183593 24798
12500 38686876 24998
12600 39348392 25198
12700 40045701 25398
12800 40710504 25598
12900 41361873 25798
13000 41902283 25998
13100 42540298 26198
13200 43252534 26398
13300 43766841 26598
13400 44331952 26798
13500 44934138 26998
13600 45694259 27198
13700 46638983 27398
13800 47166032 27598
13900 47610554 27798
14000 48421728 27998
14100 49407413 28198
14200 50034320 28398
14300 50526789 28598
14400 51354851 28798
14500 52026819 28998
14600 52676607 29198
14700 53523622 29398
14800 54373502 29598
14900 55492299 29798
15000 55797286 29998
15100 56368614 30198
15200 56888547 30398
15300 58127467 30598
15400 58898246 30798
15500 59504295 30998
15600 60222295 31198
15700 60910518 31398
15800 62020772 31598
15900 62685294 31798
16000 63539639 31998
16100 64290939 32198
16200 64952684 32398
16300 65846810 32598
16400 66515000 32798
16500 67230589 32998
16600 68405809 33198
16700 68935885 33398
16800 69999579 33598
16900 70687973 33798
17000 71567311 33998
17100 72436447 34198
17200 73023506 34398
17300 74456027 34598
17400 74888616 34798
17500 75736662 34998
17600 76644207 35198
17700 77449367 35398
17800 78602478 35598
17900 79364851 35798
18000 80407347 35998
18100 81092931 36198
18200 82048201 36398
18300 82493499 36598
18400 83992973 36798
18500 84732818 36998
18600 85827966 37198
18700 86847859 37398
18800 87657445 37598
18900 88205819 37798
19000 89302292 37998
19100 90137021 38198
19200 91428035 38398
19300 92324511 38598
19400 93064073 38798
19500 94212480 38998
19600 95466513 39198
19700 95732089 39398
19800 96573101 39598
19900 98149699 39798
20000 99085304 39998
20100 100169164 40198
20200 100975388 40398
20300 102010327 40598
20400 102988355 40798
20500 103635242 40998
20600 105385577 41198
20700 105735239 41398
20800 106758194 41598
20900 108585202 41798
21000 109427464 41998
21100 109948827 42198
21200 111543283 42398
21300 112596463 42598
21400 113334508 42798
21500 114152104 42998
21600 115317227 43198
21700 116612548 43398
21800 117137350 43598
21900 119152211 43798
22000 119621338 43998
22100 120585911 44198
22200 121907939 44398
22300 123128945 44598
22400 124256571 44798
22500 125277310 44998
22600 126245417 45198
22700 127219116 45398
22800 128842196 45598
22900 129922941 45798
23000 130974810 45998
23100 132004179 46198
23200 133243737 46398
23300 134055249 46598
23400 135567529 46798
23500 136108500 46998
23600 137708497 47198
23700 138992862 47398
23800 139940442 47598
23900 141237304 47798
24000 142639632 47998
24100 143524099 48198
24200 144444285 48398
24300 145983346 48598
24400 147598493 48798
24500 148486424 48998
24600 149920812 49198
24700 151142743 49398
24800 152273116 49598
24900 153111725 49798
25000 154906188 49998
25100 156200597 50198
25200 156970793 50398
25300 158963868 50598
25400 159232750 50798
25500 160529395 50998
25600 162370246 51198
25700 163435896 51398
25800 164792139 51598
25900 165683687 51798
26000 167660113 51998
26100 168185339 52198
26200 170085280 52398
26300 171288192 52598
26400 172486018 52798
26500 173199093 52998
26600 174781582 53198
26700 177008124 53398
26800 177808957 53598
26900 179190010 53798
27000 180074358 53998
27100 181398561 54198
27200 183409238 54398
27300 185079982 54598
27400 185943834 54798
27500 187433101 54998
27600 189148010 55198
27700 190012045 55398
27800 191224978 55598
27900 193161070 55798
28000 194109255 55998
28100 194963209 56198
28200 196843501 56398
28300 198230787 56598
28400 199338118 56798
28500 201596703 56998
28600 202124414 57198
28700 204336290 57398
28800 205428334 57598
28900 206913745 57798
29000 207605322 57998
29100 209108547 58198
29200 211477893 58398
29300 212447137 58598
29400 214443881 58798
29500 216152541 58998
29600 216617842 59198
29700 217921346 59398
29800 219856753 59598
29900 220427699 59798
30000 223103026 59998
30100 224116704 60198
30200 225394782 60398
30300 227740238 60598
30400 229247124 60798
30500 230137404 60998
30600 232350676 61198
30700 233099310 61398
30800 234617593 61598
30900 235960491 61798
31000 237199157 61998
31100 239320708 62198
31200 241396949 62398
31300 241438939 62598
31400 244174927 62798
31500 245900467 62998
31600 247078956 63198
31700 249077856 63398
31800 249815278 63598
31900 251418270 63798
32000 253123724 63998
32100 256095077 64198
32200 256630170 64398
32300 257303422 64598
32400 259277290 64798
32500 261824600 64998
32600 262569935 65198
32700 264955230 65398
32800 266135292 65598
32900 267502995 65798
33000 269239476 65998
33100 270395318 66198
33200 273366980 66398
33300 273572125 66598
33400 276068913 66798
33500 277585315 66998
33600 280047995 67198
33700 280164930 67398
33800 283336888 67598
33900 285471460 67798
34000 286209832 67998
34100 287557304 68198
34200 289098351 68398
34300 291887724 68598
34400 292481823 68798
34500 293783974 68998
34600 296292435 69198
34700 298882073 69398
34800 298766404 69598
34900 301185912 69798
35000 303137302 69998
35100 304644801 70198
35200 306106773 70398
35300 307593737 70598
35400 309972451 70798
35500 311606234 70998
35600 314312333 71198
35700 315136992 71398
35800 318894786 71598
35900 318902774 71798
36000 320398500 71998
36100 322529453 72198
36200 323325038 72398
36300 326570237 72598
36400 327729047 72798
36500 329197204 72998
36600 331324757 73198
36700 332534597 73398
36800 334447485 73598
36900 337229565 73798
37000 338483685 73998
37100 340003817 74198
37200 341778754 74398
37300 345438167 74598
37400 345999843 74798
37500 349178747 74998
37600 350184248 75198
37700 351879504 75398
37800 353643346 75598
37900 356142489 75798
38000 357786519 75998
38100 359700218 76198
38200 361019923 76398
38300 363270667 76598
38400 365083721 76798
38500 366690013 76998
38600 369419473 77198
38700 370539110 77398
38800 371913071 77598
38900 375146808 77798
39000 377330375 77998
39100 378184359 78198
39200 379445508 78398
39300 380988260 78598
39400 383811785 78798
39500 385491289 78998
39600 388617054 79198
39700 390407189 79398
39800 391180504 79598
39900 393889215 79798
40000 397105137 79998
40100 397842605 80198
40200 400213591 80398
40300 401315017 80598
40400 404732329 80798
40500 406895454 80998
40600 407380992 81198
40700 410248269 81398
40800 412355790 81598
40900 414633304 81798
41000 416622706 81998
41100 418208636 82198
41200 421614503 82398
41300 421102545 82598
41400 424613741 82798
41500 426888769 82998
41600 428581234 83198
41700 430847981 83398
41800 432808598 83598
41900 434634055 83798
42000 437261478 83998
42100 439069908 84198
42200 439612984 84398
42300 443449150 84598
42400 446238736 84798
42500 447485264 84998
42600 449393921 85198
42700 451478692 85398
42800 454660141 85598
42900 454824205 85798
43000 457404049 85998
43100 459821839 86198
43200 462437423 86398
43300 463099374 86598
43400 466510302 86798
43500 469245389 86998
43600 470605221 87198
43700 473873875 87398
43800 473950585 87598
43900 478170869 87798
44000 478993081 87998
44100 481032648 88198
44200 483680416 88398
44300 484760951 88598
44400 487455692 88798
44500 490718542 88998
44600 492087380 89198
44700 494217146 89398
44800 498018683 89598
44900 498633571 89798
45000 501863314 89998
45100 502119286 90198
45200 505976156 90398
45300 508885119 90598
45400 509390729 90798
45500 511867555 90998
45600 515397039 91198
45700 517209592 91398
45800 518786963 91598
45900 520453108 91798
46000 524302611 91998
46100 526360438 92198
46200 528869973 92398
46300 530622742 92598
46400 533035832 92798
46500 535939694 92998
46600 536616103 93198
46700 539738331 93398
46800 543030514 93598
46900 543895162 93798
47000 545993322 93998
47100 548847495 94198
47200 551042983 94398
47300 553471908 94598
47400 554662908 94798
47500 557359982 94998
47600 562072903 95198
47700 563317959 95398
47800 566841700 95598
47900 567083329 95798
48000 570601151 95998
48100 573390187 96198
48200 574635744 96398
48300 579172722 96598
48400 579258918 96798
48500 581899854 96998
48600 584083622 97198
48700 586072152 97398
48800 588504602 97598
48900 592203560 97798
49000 594816032 97998
49100 596504396 98198
49200 599346954 98398
49300 602838106 98598
49400 604772397 98798
49500 606997551 98998
49600 608524110 99198
49700 612089567 99398
49800 613826192 99598
49900 617329122 99798
50000 619178834 99998
50100 622671456 100198
50200 623924814 100398
50300 626285252 100598
50400 628190319 100798
50500 631475075 100998
50600 632821366 101198
50700 636153827 101398
50800 640068321 101598
50900 641762856 101798
51000 644129677 101998
51100 646441107 102198
51200 648700940 102398
51300 651410425 102598
51400 653092246 102798
51500 656237164 102998
51600 659824123 103198
51700 661997501 103398
51800 663013347 103598
51900 666508297 103798
52000 669313939 103998
52100 672827918 104198
52200 673035742 104398
52300 678184572 104598
52400 678224602 104798
52500 682344910 104998
52600 684402046 105198
52700 687562763 105398
52800 689019062 105598
52900 691167925 105798
53000 695522980 105998
53100 699817217 106198
53200 699531501 106398
53300 704359484 106598
53400 705162416 106798
53500 709278400 106998
53600 711250684 107198
53700 712626522 107398
53800 715655266 107598
53900 720361385 107798
54000 721229227 107998
54100 725691736 108198
54200 727046806 108398
54300 729045563 108598
54400 733311770 108798
54500 734477403 108998
54600 736240505 109198
54700 740517026 109398
54800 744933619 109598
54900 745570733 109798
55000 750459027 109998
55100 752256015 110198
55200 752323928 110398
55300 755303233 110598
55400 756906048 110798
55500 761067237 110998
55600 765036079 111198
55700 768825466 111398
55800 770239350 111598
55900 774869895 111798
56000 777140133 111998
56100 779277466 112198
56200 781269485 112398
56300 784412361 112598
56400 787052246 112798
56500 789333102 112998
56600 794213179 113198
56700 796704810 113398
56800 796994561 113598
56900 802449133 113798
57000 804789112 113998
57100 807021846 114198
57200 808345055 114398
57300 810976172 114598
57400 815496384 114798
57500 819462739 114998
57600 820208973 115198
57700 826432032 115398
57800 827659228 115598
57900 830574557 115798
58000 833867872 115998
58100 835113237 116198
58200 839271760 116398
58300 840661671 116598
58400 843355487 116798
58500 848531634 116998
58600 850336668 117198
58700 853724144 117398
58800 856868382 117598
58900 859104267 117798
59000 859731826 117998
59100 866428215 118198
59200 867837164 118398
59300 870233948 118598
59400 873109289 118798
59500 874762559 118998
59600 877569096 119198
59700 883440997 119398
59800 886599191 119598
59900 889174765 119798
60000 892006976 119998
60100 894328733 120198
60200 895086219 120398
60300 898734607 120598
60400 902584340 120798
60500 905806016 120998
60600 908418460 121198
60700 912365600 121398
60800 914614618 121598
60900 917866029 121798
61000 922505024 121998
61100 921020899 122198
61200 926095534 122398
61300 930560665 122598
61400 934401036 122798
61500 935469351 122998
61600 937914082 123198
61700 946621238 123398
61800 945806581 123598
61900 949859021 123798
62000 952104393 123998
62100 956402074 124198
62200 959192990 124398
62300 957652202 124598
62400 965723095 124798
62500 967143721 124998
62600 969399165 125198
62700 973923361 125398
62800 978270350 125598
62900 977653521 125798
63000 983193744 125998
63100 985609471 126198
63200 985993227 126398
63300 991091091 126598
63400 994931858 126798
63500 998446150 126998
63600 1000621165 127198
63700 1006574222 127398
63800 1007839719 127598
63900 1012070130 127798
64000 1012795677 127998
64100 1018513631 128198
64200 1020519112 128398
64300 1023643297 128598
64400 1025368871 128798
64500 1027837578 128998
64600 1033817839 129198
64700 1033306154 129398
64800 1040900469 129598
64900 1042095969 129798
65000 1043438483 129998
65100 1048179999 130198
65200 1053500513 130398
65300 1055494299 130598
65400 1057265783 130798
65500 1062993902 130998
65600 1066067188 131198
65700 1069029978 131398
65800 1069573452 131598
65900 1074050366 131798
66000 1080815940 131998
66100 1081554117 132198
66200 1083930718 132398
66300 1090044834 132598
66400 1092283424 132798
66500 1094080984 132998
66600 1100023041 133198
66700 1103680364 133398
66800 1106402893 133598
66900 1107077653 133798
67000 1111351273 133998
67100 1113472099 134198
67200 1117655008 134398
67300 1120049624 134598
67400 1123723591 134798
67500 1130437776 134998
67600 1130396879 135198
67700 1134592151 135398
67800 1137671819 135598
67900 1139609743 135798
68000 1142621584 135998
68100 1148037353 136198
68200 1152265824 136398
68300 1152176646 136598
68400 1158041783 136798
68500 1160395402 136998
68600 1164057753 137198
68700 1169259939 137398
68800 1171812553 137598
68900 1174607000 137798
69000 1180978716 137998
69100 1183029098 138198
69200 1185228077 138398
69300 1188625132 138598
69400 1192418142 138798
69500 1194572493 138998
69600 1199286828 139198
69700 1201079881 139398
69800 1204569203 139598
69900 1207867853 139798
70000 1216688812 139998
70100 1220497781 140198
70200 1221237033 140398
70300 1223280278 140598
70400 1225787200 140798
70500 1231599162 140998
70600 1232579075 141198
70700 1235115098 141398
70800 1243817992 141598
70900 1242416317 141798
71000 1248925981 141998
71100 1251609214 142198
71200 1254242933 142398
71300 1260782633 142598
71400 1262666748 142798
71500 1264863020 142998
71600 1267126428 143198
71700 1274174129 143398
71800 1276857077 143598
71900 1280443030 143798
72000 1285750109 143998
72100 1287996775 144198
72200 1286243741 144398
72300 1294878838 144598
72400 1296509558 144798
72500 1300058830 144998
72600 1303017097 145198
72700 1308119496 145398
72800 1309507538 145598
72900 1317212267 145798
73000 1319790740 145998
73100 1326420752 146198
73200 1326581100 146398
73300 1329080340 146598
73400 1332874864 146798
73500 1336862845 146998
73600 1342156490 147198
73700 1344650231 147398
73800 1349766881 147598
73900 1351422767 147798
74000 1356295957 147998
74100 1356680183 148198
74200 1361540943 148398
74300 1366690432 148598
74400 1366256743 148798
74500 1374931501 148998
74600 1375846567 149198
74700 1383212749 149398
74800 1384208715 149598
74900 1387212122 149798
75000 1392539007 149998
75100 1394630656 150198
75200 1400603646 150398
75300 1403635708 150598
75400 1409744385 150798
75500 1410214709 150998
75600 1413356171 151198
75700 1416496017 151398
75800 1422123474 151598
75900 1422708493 151798
76000 1430707360 151998
76100 1437069980 152198
76200 1437274122 152398
76300 1440864761 152598
76400 1446177455 152798
76500 1449004371 152998
76600 1455351481 153198
76700 1453372114 153398
76800 1461086176 153598
76900 1466658798 153798
77000 1468127752 153998
77100 1474720369 154198
77200 1475609688 154398
77300 1481533920 154598
77400 1481943281 154798
77500 1485932005 154998
77600 1493811224 155198
77700 1494351634 155398
77800 1495594102 155598
77900 1502816399 155798
78000 1504967940 155998
78100 1509957147 156198
78200 1513999144 156398
78300 1516551621 156598
78400 1523419773 156798
78500 1525452662 156998
78600 1529075399 157198
78700 1535311050 157398
78800 1539440205 157598
78900 1537370570 157798
79000 1543302189 157998
79100 1547556196 158198
79200 1550724938 158398
79300 1553010442 158598
79400 1558748851 158798
79500 1563299193 158998
79600 1567995607 159198
79700 1572569980 159398
79800 1575259347 159598
79900 1580102695 159798
80000 1583847808 159998
80100 1588405699 160198
80200 1595519893 160398
80300 1598139346 160598
80400 1602200342 160798
80500 1606752425 160998
80600 1607453178 161198
80700 1613215759 161398
80800 1613825358 161598
80900 1620544598 161798
81000 1622949959 161998
81100 1628393110 162198
81200 1634677448 162398
81300 1634946308 162598
81400 1641860693 162798
81500 1643593979 162998
81600 1648329561 163198
81700 1654188290 163398
81800 1657098597 163598
81900 1659508793 163798
82000 1663779935 163998
82100 1667836974 164198
82200 1674191973 164398
82300 1675620932 164598
82400 1681184718 164798
82500 1686142950 164998
82600 1689807630 165198
82700 1693161657 165398
82800 1697068156 165598
82900 1704295495 165798
83000 1709317129 165998
83100 1710412239 166198
83200 1710058101 166398
83300 1718812363 166598
83400 1724557260 166798
83500 1728683978 166998
83600 1729004898 167198
83700 1733229746 167398
83800 1742145755 167598
83900 1742797775 167798
84000 1746797627 167998
84100 1751191902 168198
84200 1754590329 168398
84300 1757280422 168598
84400 1765041520 168798
84500 1766522007 168998
84600 1769930089 169198
84700 1775185768 169398
84800 1778046425 169598
84900 1779873233 169798
85000 1788916244 169998
85100 1790628254 170198
85200 1800908484 170398
85300 1801232271 170598
85400 1807439149 170798
85500 1809723868 170998
85600 1813292849 171198
85700 1812913474 171398
85800 1823470421 171598
85900 1825267411 171798
86000 1829022385 171998
86100 1833470527 172198
86200 1842253976 172398
86300 1844559944 172598
86400 1848875827 172798
86500 1853532725 172998
86600 1862217673 173198
86700 1863869384 173398
86800 1862689772 173598
86900 1868288085 173798
87000 1873608196 173998
87100 1877761242 174198
87200 1885632727 174398
87300 1887226045 174598
87400 1889945454 174798
87500 1897293175 174998
87600 1899974885 175198
87700 1901634341 175398
87800 1909099398 175598
87900 1913095535 175798
88000 1919775985 175998
88100 1920724809 176198
88200 1924025354 176398
88300 1930754842 176598
88400 1934540840 176798
88500 1935724154 176998
88600 1945611619 177198
88700 1943863560 177398
88800 1953273414 177598
88900 1956325707 177798
89000 1961932554 177998
89100 1968849078 178198
89200 1969011256 178398
89300 1972771657 178598
89400 1977195545 178798
89500 1983143433 178998
89600 1988603276 179198
89700 1991183866 179398
89800 1999023328 179598
89900 1995943990 179798
90000 2008693726 179998
90100 2006884091 180198
90200 2011511109 180398
90300 2013068710 180598
90400 2021290130 180798
90500 2029411001 180998
90600 2027931150 181198
90700 2036579696 181398
90800 2043821784 181598
90900 2048354681 181798
91000 2048676748 181998
91100 2054154088 182198
91200 2056536001 182398
91300 2064515501 182598
91400 2065114500 182798
91500 2075001095 182998
91600 2080475625 183198
91700 2083398069 183398
91800 2088178414 183598
91900 2091002661 183798
92000 2095588190 183998
92100 2100486509 184198
92200 2105796912 184398
92300 2110764209 184598
92400 2113257437 184798
92500 2117452742 184998
92600 2120187309 185198
92700 2127652139 185398
92800 2129432917 185598
92900 2139674947 185798
93000 2142233603 185998
93100 2150076112 186198
93200 2152441243 186398
93300 2157125479 186598
93400 2160970302 186798
93500 2165939507 186998
93600 2171410852 187198
93700 2175274278 187398
93800 2181112067 187598
93900 2182429620 187798
94000 2188198125 187998
94100 2191860262 188198
94200 2196183130 188398
94300 2199902325 188598
94400 2205278627 188798
94500 2211828326 188998
94600 2218237676 189198
94700 2221553554 189398
94800 2224896897 189598
94900 2227381971 189798
95000 2232908447 189998
95100 2239929330 190198
95200 2241503338 190398
95300 2250613342 190598
95400 2252855632 190798
95500 2257252820 190998
95600 2262420812 191198
95700 2265830512 191398
95800 2269897246 191598
95900 2276293340 191798
96000 2278987148 191998
96100 2283382767 192198
96200 2292361650 192398
96300 2296036584 192598
96400 2302862367 192798
96500 2307226137 192998
96600 2312158006 193198
96700 2314314659 193398
96800 2319113455 193598
96900 2322595223 193798
97000 2331438133 193998
97100 2329571228 194198
97200 2337747129 194398
97300 2342367069 194598
97400 2347953487 194798
97500 2352415109 194998
97600 2353763967 195198
97700 2360014298 195398
97800 2368886234 195598
97900 2370647816 195798
98000 2375922211 195998
98100 2378291881 196198
98200 2385792846 196398
98300 2391841710 196598
98400 2396970461 196798
98500 2399829057 196998
98600 2409483468 197198
98700 2408671569 197398
98800 2419046137 197598
98900 2419430559 197798
99000 2424988816 197998
99100 2432900439 198198
99200 2434781468 198398
99300 2442798759 198598
99400 2444088099 198798
99500 2451428128 198998
99600 2454967066 199198
99700 2461714719 199398
99800 2461106290 199598
99900 2469783187 199798
100000 2476676286 199998
