100 2386 198
200 9794 398
300 22241 598
400 38860 798
500 61706 998
600 91239 1198
700 120465 1398
800 158542 1598
900 200956 1798
1000 248047 1998
1100 304550 2198
1200 358084 2398
1300 422166 2598
1400 486508 2798
1500 555556 2998
1600 658852 3198
1700 720026 3398
1800 806896 3598
1900 897392 3798
2000 992487 3998
2100 1100955 4198
2200 1206389 4398
2300 1325213 4598
2400 1435284 4798
2500 1538272 4998
2600 1689817 5198
2700 1813762 5398
2800 1966730 5598
2900 2130873 5798
3000 2228606 5998
3100 2397898 6198
3200 2552827 6398
3300 2696924 6598
3400 2877827 6798
3500 3048703 6998
3600 3243718 7198
3700 3451699 7398
3800 3619858 7598
3900 3775933 7798
4000 3984083 7998
4100 4189452 8198
4200 4356874 8398
4300 4616209 8598
4400 4801012 8798
4500 5073532 8998
4600 5306901 9198
4700 5509311 9398
4800 5698035 9598
4900 5989322 9798
5000 6229967 9998
5100 6451235 10198
5200 6760691 10398
5300 6962093 10598
5400 7309088 10798
5500 7499147 10998
5600 7800147 11198
5700 8157316 11398
5800 8368449 11598
5900 8591944 11798
6000 8971511 11998
6100 9243870 12198
6200 9596049 12398
6300 9933964 12598
6400 10275352 12798
6500 10476517 12998
6600 10824249 13198
6700 11147933 13398
6800 11560712 13598
6900 11851119 13798
7000 12241321 13998
7100 12620391 14198
7200 12917121 14398
7300 13259926 14598
7400 13689803 14798
7500 14036940 14998
7600 14341792 15198
7700 14837801 15398
7800 15192747 15598
7900 15537346 15798
8000 15969104 15998
8100 16327379 16198
8200 16768532 16398
8300 17254173 16598
8400 17573658 16798
8500 18011948 16998
8600 18451730 17198
8700 18982589 17398
8800 19132260 17598
8900 19772974 17798
9000 20149525 17998
9100 20611252 18198
9200 21188851 18398
9300 21600314 18598
9400 21980069 18798
9500 22587145 18998
9600 23042237 19198
9700 23365401 19398
9800 23907119 19598
9900 24438490 19798
10000 25062516 19998
10100 25270391 20198
10200 25928001 20398
10300 26436285 20598
10400 27042486 20798
10500 27561687 20998
10600 28012949 21198
10700 28584398 21398
10800 29160918 21598
10900 29742760 21798
11000 30130488 21998
11100 30752561 22198
11200 31304513 22398
11300 31904817 22598
11400 32475401 22798
11500 33075567 22998
11600 33604868 23198
11700 34087886 23398
11800 34482574 23598
11900 35375964 23798
12000 35854078 23998
12100 36359419 24198
12200 36949161 24398
12300 37486976 24598
12400 38307028 24798
12500 38897936 24998
12600 39392649 25198
12700 40023041 25398
12800 40764267 25598
12900 41206661 25798
13000 42082363 25998
13100 42799833 26198
13200 43559910 26398
13300 44023777 26598
13400 44733975 26798
13500 45536009 26998
13600 45963639 27198
13700 46998524 27398
13800 47277537 27598
13900 48354693 27798
14000 48893790 27998
14100 49286719 28198
14200 50424567 28398
14300 50881909 28598
14400 51654663 28798
14500 52319737 28998
14600 53079270 29198
14700 53782313 29398
14800 54431769 29598
14900 55299019 29798
15000 55918209 29998
15100 56684318 30198
15200 57468002 30398
15300 58302191 30598
15400 59165259 30798
15500 59539118 30998
15600 60822148 31198
15700 61437215 31398
15800 61875734 31598
15900 62882893 31798
16000 64060913 31998
16100 64737173 32198
16200 65282202 32398
16300 66635068 32598
16400 67067033 32798
16500 67798050 32998
16600 68848981 33198
16700 69344830 33398
16800 70471267 33598
16900 71157006 33798
17000 72023197 33998
17100 72794394 34198
17200 74145969 34398
17300 74471012 34598
17400 75291029 34798
17500 76452699 34998
17600 77497295 35198
17700 78019288 35398
17800 78803691 35598
17900 79992130 35798
18000 80884150 35998
18100 81516033 36198
18200 82601920 36398
18300 83311719 36598
18400 84331305 36798
18500 85323102 36998
18600 86238069 37198
18700 86959480 37398
18800 88383050 37598
18900 89296908 37798
19000 89909964 37998
19100 91106108 38198
19200 92151731 38398
19300 92463100 38598
19400 93725158 38798
19500 95005693 38998
19600 95647825 39198
19700 96686325 39398
19800 97804780 39598
19900 98619603 39798
20000 99635837 39998
20100 100555944 40198
20200 101484673 40398
20300 102081657 40598
20400 103855019 40798
20500 104511750 40998
20600 105626096 41198
20700 106816736 41398
20800 107902252 41598
20900 109251721 41798
21000 109459693 41998
21100 110769610 42198
21200 111869478 42398
21300 112898284 42598
21400 114101646 42798
21500 115203036 42998
21600 116520342 43198
21700 117443293 43398
21800 118530811 43598
21900 119685181 43798
22000 120995966 43998
22100 121855506 44198
22200 123396159 44398
22300 124263429 44598
22400 125262904 44798
22500 126372973 44998
22600 127426008 45198
22700 128798423 45398
22800 129803733 45598
22900 130800273 45798
23000 131715550 45998
23100 132999230 46198
23200 134033352 46398
23300 135544527 46598
23400 136240169 46798
23500 137548030 46998
23600 138883550 47198
23700 140441677 47398
23800 141310629 47598
23900 142399266 47798
24000 143379394 47998
24100 144740803 48198
24200 145508795 48398
24300 147137668 48598
24400 148490698 48798
24500 150344600 48998
24600 150706048 49198
24700 152059525 49398
24800 152762388 49598
24900 154661977 49798
25000 155641066 49998
25100 156591752 50198
25200 158120891 50398
25300 159243998 50598
25400 160863830 50798
25500 162407362 50998
25600 163070039 51198
25700 164732927 51398
25800 164962658 51598
25900 166999454 51798
26000 168547554 51998
26100 169520631 52198
26200 170968375 52398
26300 172301397 52598
26400 173509530 52798
26500 175567602 52998
26600 176137880 53198
26700 177585321 53398
26800 178032681 53598
26900 180333974 53798
27000 181189026 53998
27100 183194889 54198
27200 184116386 54398
27300 185013654 54598
27400 186909395 54798
27500 188923477 54998
27600 189682333 55198
27700 191429762 55398
27800 193056859 55598
27900 194274178 55798
28000 195378524 55998
28100 197173963 56198
28200 198270268 56398
28300 199122301 56598
28400 201700913 56798
28500 202437725 56998
28600 204294473 57198
28700 205241187 57398
28800 205979693 57598
28900 207952581 57798
29000 208950393 57998
29100 211143723 58198
29200 212820914 58398
29300 214521708 58598
29400 215142227 58798
29500 216689588 58998
29600 217473661 59198
29700 219944548 59398
29800 221159782 59598
29900 223615330 59798
30000 224091423 59998
30100 226294782 60198
30200 228146516 60398
30300 228764173 60598
30400 230677939 60798
30500 232164057 60998
30600 233210834 61198
30700 233775666 61398
30800 235791615 61598
30900 236946282 61798
31000 239706442 61998
31100 241040416 62198
31200 242895731 62398
31300 244365968 62598
31400 246396953 62798
31500 246507719 62998
31600 249282836 63198
31700 251273768 63398
31800 252797446 63598
31900 254081937 63798
32000 255560943 63998
32100 257062278 64198
32200 258669316 64398
32300 260105012 64598
32400 261733883 64798
32500 263757118 64998
32600 265382185 65198
32700 267030555 65398
32800 268355285 65598
32900 269296292 65798
33000 271777063 65998
33100 273018818 66198
33200 274989236 66398
33300 275843939 66598
33400 277305034 66798
33500 279925838 66998
33600 281447606 67198
33700 282442602 67398
33800 284592187 67598
33900 285938841 67798
34000 288309715 67998
34100 290371484 68198
34200 291130713 68398
34300 293053032 68598
34400 294328379 68798
34500 297028618 68998
34600 297670376 69198
34700 300188154 69398
34800 301593216 69598
34900 303560268 69798
35000 305068756 69998
35100 307993667 70198
35200 308945738 70398
35300 310333813 70598
35400 312408421 70798
35500 313987009 70998
35600 316728366 71198
35700 317374887 71398
35800 319324051 71598
35900 320822082 71798
36000 323395219 71998
36100 324751279 72198
36200 326430823 72398
36300 328133830 72598
36400 331121500 72798
36500 332335167 72998
36600 334393468 73198
36700 335338295 73398
36800 337333999 73598
36900 338126700 73798
37000 340468691 73998
37100 343502084 74198
37200 343932126 74398
37300 347927641 74598
37400 349841666 74798
37500 351032756 74998
37600 351904256 75198
37700 354282642 75398
37800 355431181 75598
37900 356959658 75798
38000 360513153 75998
38100 362356891 76198
38200 364238088 76398
38300 366376813 76598
38400 366339191 76798
38500 369131299 76998
38600 370834336 77198
38700 372914797 77398
38800 375154184 77598
38900 377901630 77798
39000 379153192 77998
39100 380696166 78198
39200 382376044 78398
39300 383235462 78598
39400 386117690 78798
39500 387785162 78998
39600 389725940 79198
39700 393226525 79398
39800 394002806 79598
39900 396455290 79798
40000 398736217 79998
40100 401455154 80198
40200 402201775 80398
40300 404201523 80598
40400 407680815 80798
40500 408056583 80998
40600 410931165 81198
40700 413002787 81398
40800 415445815 81598
40900 417396181 81798
41000 418960135 81998
41100 420705401 82198
41200 422948626 82398
41300 424772893 82598
41400 427425711 82798
41500 428850225 82998
41600 430416718 83198
41700 432865476 83398
41800 436330170 83598
41900 437587954 83798
42000 439362984 83998
42100 441290939 84198
42200 443710094 84398
42300 445690504 84598
42400 447600525 84798
42500 448638791 84998
42600 452369077 85198
42700 453281095 85398
42800 456720183 85598
42900 457917282 85798
43000 460572200 85998
43100 463665550 86198
43200 465790763 86398
43300 467790249 86598
43400 467537269 86798
43500 470304653 86998
43600 473365250 87198
43700 476036934 87398
43800 477708755 87598
43900 481066683 87798
44000 481481275 87998
44100 483693461 88198
44200 486775304 88398
44300 487757101 88598
44400 491196224 88798
44500 493800685 88998
44600 493576652 89198
44700 497837315 89398
44800 499928021 89598
44900 503656130 89798
45000 504310851 89998
45100 507161555 90198
45200 507833611 90398
45300 510491784 90598
45400 512930143 90798
45500 515802259 90998
45600 517511445 91198
45700 520512866 91398
45800 522283819 91598
45900 526095372 91798
46000 527035927 91998
46100 529832554 92198
46200 533411194 92398
46300 533021613 92598
46400 536429610 92798
46500 538861058 92998
46600 541440676 93198
46700 543345286 93398
46800 544997645 93598
46900 547631469 93798
47000 548138508 93998
47100 553197401 94198
47200 556125829 94398
47300 556434889 94598
47400 559028172 94798
47500 562065204 94998
47600 566395085 95198
47700 567383342 95398
47800 567880333 95598
47900 571022729 95798
48000 573420409 95998
48100 575985354 96198
48200 577861727 96398
48300 580911081 96598
48400 583935555 96798
48500 587110503 96998
48600 586883592 97198
48700 589998558 97398
48800 591179111 97598
48900 596490365 97798
49000 597166351 97998
49100 602224601 98198
49200 602819466 98398
49300 604749085 98598
49400 608005117 98798
49500 610861317 98998
49600 611580276 99198
49700 613587575 99398
49800 616527138 99598
49900 621788756 99798
50000 622264896 99998
50100 625566627 100198
50200 625610919 100398
50300 630967534 100598
50400 632246039 100798
50500 634964630 100998
50600 637868547 101198
50700 640644476 101398
50800 644146200 101598
50900 645644835 101798
51000 647243566 101998
51100 647814610 102198
51200 652468072 102398
51300 655385704 102598
51400 659009035 102798
51500 659450608 102998
51600 662406083 103198
51700 665478413 103398
51800 668498414 103598
51900 673349313 103798
52000 672593940 103998
52100 677880106 104198
52200 681251191 104398
52300 681170082 104598
52400 684039896 104798
52500 687300602 104998
52600 688688141 105198
52700 691743926 105398
52800 695405343 105598
52900 697167902 105798
53000 700579724 105998
53100 702454249 106198
53200 706383786 106398
53300 705813430 106598
53400 708137282 106798
53500 714058304 106998
53600 714156667 107198
53700 716987746 107398
53800 721992844 107598
53900 724016346 107798
54000 727370657 107998
54100 728242460 108198
54200 730264258 108398
54300 734182917 108598
54400 738543416 108798
54500 740185220 108998
54600 741885128 109198
54700 746689338 109398
54800 746782400 109598
54900 750870205 109798
55000 753697171 109998
55100 757593155 110198
55200 759542467 110398
55300 759529554 110598
55400 763437882 110798
55500 765662535 110998
55600 772662994 111198
55700 773206616 111398
55800 773311057 111598
55900 779059741 111798
56000 778953830 111998
56100 785263298 112198
56200 788028837 112398
56300 789076675 112598
56400 791262885 112798
56500 793303465 112998
56600 798604436 113198
56700 802325702 113398
56800 804516042 113598
56900 806690912 113798
57000 810131650 113998
57100 814286861 114198
57200 816845849 114398
57300 817659301 114598
57400 820226216 114798
57500 823659416 114998
57600 823876062 115198
57700 829221422 115398
57800 832245759 115598
57900 835022970 115798
58000 838024438 115998
58100 840077836 116198
58200 843930895 116398
58300 846893770 116598
58400 848682032 116798
58500 852002451 116998
58600 855829175 117198
58700 858625942 117398
58800 859621807 117598
58900 864448234 117798
59000 866418368 117998
59100 870051080 118198
59200 873052744 118398
59300 875715011 118598
59400 878633127 118798
59500 882131538 118998
59600 884254457 119198
59700 887437281 119398
59800 889673981 119598
59900 895951518 119798
60000 896592936 119998
60100 897869506 120198
60200 902798497 120398
60300 904443818 120598
60400 907104030 120798
60500 912930092 120998
60600 914577173 121198
60700 917043620 121398
60800 922730238 121598
60900 924379753 121798
61000 923881250 121998
61100 929232393 122198
61200 932879015 122398
61300 935150764 122598
61400 939199377 122798
61500 941229109 122998
61600 947415839 123198
61700 947428877 123398
61800 949886868 123598
61900 954136417 123798
62000 958148988 123998
62100 960686816 124198
62200 963856905 124398
62300 969188774 124598
62400 969372288 124798
62500 972713886 124998
62600 976541997 125198
62700 981367335 125398
62800 983779843 125598
62900 984166562 125798
63000 989701164 125998
63100 993257694 126198
63200 996414339 126398
63300 995884992 126598
63400 1002567049 126798
63500 1004892809 126998
63600 1005633019 127198
63700 1010180249 127398
63800 1014217256 127598
63900 1017004015 127798
64000 1022450096 127998
64100 1024204066 128198
64200 1026450453 128398
64300 1029969491 128598
64400 1034612621 128798
64500 1038361648 128998
64600 1041244423 129198
64700 1042484729 129398
64800 1045848911 129598
64900 1046829674 129798
65000 1055586859 129998
65100 1059155205 130198
65200 1055809519 130398
65300 1061011506 130598
65400 1062327772 130798
65500 1068280942 130998
65600 1072483264 131198
65700 1076280481 131398
65800 1077804201 131598
65900 1083034129 131798
66000 1083848184 131998
66100 1091552813 132198
66200 1091328404 132398
66300 1095244338 132598
66400 1099575426 132798
66500 1101923410 132998
66600 1104899192 133198
66700 1110337964 133398
66800 1114721686 133598
66900 1117038828 133798
67000 1116847240 133998
67100 1120362142 134198
67200 1124076629 134398
67300 1129231238 134598
67400 1131965592 134798
67500 1136096056 134998
67600 1139695062 135198
67700 1140724105 135398
67800 1145240016 135598
67900 1149305103 135798
68000 1154001656 135998
68100 1155178499 136198
68200 1160288428 136398
68300 1161424201 136598
68400 1167919602 136798
68500 1169275117 136998
68600 1174028343 137198
68700 1174637111 137398
68800 1177780663 137598
68900 1183685828 137798
69000 1184125645 137998
69100 1190730016 138198
69200 1193245245 138398
69300 1196770215 138598
69400 1201427379 138798
69500 1203442238 138998
69600 1207199861 139198
69700 1211123709 139398
69800 1214180493 139598
69900 1218313674 139798
70000 1219250832 139998
70100 1224020969 140198
70200 1227848137 140398
70300 1232854332 140598
70400 1235775555 140798
70500 1236872263 140998
70600 1244732793 141198
70700 1245086801 141398
70800 1248463629 141598
70900 1254822369 141798
71000 1256275879 141998
71100 1259714391 142198
71200 1261066055 142398
71300 1263890620 142598
71400 1270648582 142798
71500 1276420800 142998
71600 1275370419 143198
71700 1279326968 143398
71800 1284688196 143598
71900 1287311249 143798
72000 1292553109 143998
72100 1295460058 144198
72200 1299266428 144398
72300 1298896836 144598
72400 1307872117 144798
72500 1311240452 144998
72600 1313532139 145198
72700 1318833192 145398
72800 1321372735 145598
72900 1321036048 145798
73000 1327684995 145998
73100 1334497884 146198
73200 1335331114 146398
73300 1336022692 146598
73400 1341161704 146798
73500 1344022126 146998
73600 1350057339 147198
73700 1353121920 147398
73800 1358717405 147598
73900 1359107500 147798
74000 1365966912 147998
74100 1365874539 148198
74200 1369406110 148398
74300 1373583525 148598
74400 1382808481 148798
74500 1383168481 148998
74600 1389130330 149198
74700 1389515711 149398
74800 1399752862 149598
74900 1394983199 149798
75000 1400280282 149998
75100 1405302662 150198
75200 1408875606 150398
75300 1412715909 150598
75400 1418789726 150798
75500 1418722531 150998
75600 1425240761 151198
75700 1429149704 151398
75800 1433671147 151598
75900 1435318152 151798
76000 1439351562 151998
76100 1443685075 152198
76200 1447221619 152398
76300 1452260613 152598
76400 1458679143 152798
76500 1458352192 152998
76600 1463656587 153198
76700 1466252906 153398
76800 1468902985 153598
76900 1473295441 153798
77000 1475144610 153998
77100 1480058268 154198
77200 1486442706 154398
77300 1487052800 154598
77400 1493688709 154798
77500 1497334957 154998
77600 1499543610 155198
77700 1507444629 155398
77800 1510048175 155598
77900 1513611624 155798
78000 1515976938 155998
78100 1522222772 156198
78200 1522366667 156398
78300 1528695232 156598
78400 1535104305 156798
78500 1535632125 156998
78600 1541096075 157198
78700 1542123736 157398
78800 1545711640 157598
78900 1554634836 157798
79000 1557381853 157998
79100 1556381016 158198
79200 1562827902 158398
79300 1569160467 158598
79400 1574185862 158798
79500 1573505317 158998
79600 1578156388 159198
79700 1580384380 159398
79800 1586147919 159598
79900 1590898074 159798
80000 1596047143 159998
80100 1601399692 160198
80200 1605221984 160398
80300 1606997769 160598
80400 1612671102 160798
80500 1613476312 160998
80600 1615784776 161198
80700 1625304170 161398
80800 1626887440 161598
80900 1631336547 161798
81000 1635316306 161998
81100 1639158687 162198
81200 1641822594 162398
81300 1650063751 162598
81400 1653989355 162798
81500 1656244991 162998
81600 1659036167 163198
81700 1664703897 163398
81800 1667949201 163598
81900 1672696566 163798
82000 1676857930 163998
82100 1681752077 164198
82200 1683070421 164398
82300 1690216314 164598
82400 1691038440 164798
82500 1694365983 164998
82600 1698619353 165198
82700 1704926363 165398
82800 1708614647 165598
82900 1712281163 165798
83000 1717106665 165998
83100 1718630632 166198
83200 1725631964 166398
83300 1725772304 166598
83400 1734592022 166798
83500 1738565727 166998
83600 1745402154 167198
83700 1744618569 167398
83800 1749870890 167598
83900 1751927724 167798
84000 1756408405 167998
84100 1763100089 168198
84200 1766224941 168398
84300 1774258766 168598
84400 1775448093 168798
84500 1780499357 168998
84600 1785254127 169198
84700 1788704010 169398
84800 1790122306 169598
84900 1794105790 169798
85000 1799407199 169998
85100 1805371790 170198
85200 1808407564 170398
85300 1812875772 170598
85400 1817827288 170798
85500 1820649796 170998
85600 1827474596 171198
85700 1828762034 171398
85800 1835903989 171598
85900 1837484803 171798
86000 1841421402 171998
86100 1845821208 172198
86200 1847218229 172398
86300 1858580747 172598
86400 1862023525 172798
86500 1864424669 172998
86600 1868739841 173198
86700 1869323569 173398
86800 1877760151 173598
86900 1876586396 173798
87000 1884096693 173998
87100 1887969547 174198
87200 1895481079 174398
87300 1898021274 174598
87400 1903123935 174798
87500 1907325981 174998
87600 1912025864 175198
87700 1915102481 175398
87800 1921115330 175598
87900 1927134558 175798
88000 1929576900 175998
88100 1934659855 176198
88200 1940730764 176398
88300 1937356220 176598
88400 1945818837 176798
88500 1950589216 176998
88600 1954420916 177198
88700 1960869175 177398
88800 1963109145 177598
88900 1972598084 177798
89000 1975826775 177998
89100 1981431204 178198
89200 1983238626 178398
89300 1990203323 178598
89400 1989749387 178798
89500 1994728677 178998
89600 2000605369 179198
89700 2005088417 179398
89800 2009353868 179598
89900 2014889335 179798
90000 2017117160 179998
90100 2021783369 180198
90200 2029856849 180398
90300 2029288975 180598
90400 2036008984 180798
90500 2041205767 180998
90600 2047070640 181198
90700 2051376962 181398
90800 2057918536 181598
90900 2056476994 181798
91000 2064150795 181998
91100 2069960336 182198
91200 2069273767 182398
91300 2079260209 182598
91400 2082021849 182798
91500 2086085899 182998
91600 2094115777 183198
91700 2094416900 183398
91800 2100072965 183598
91900 2106665207 183798
92000 2110724190 183998
92100 2112258660 184198
92200 2120123408 184398
92300 2123355511 184598
92400 2126253697 184798
92500 2131829313 184998
92600 2133036701 185198
92700 2140805816 185398
92800 2145623460 185598
92900 2150142651 185798
93000 2156194418 185998
93100 2160035821 186198
93200 2163155484 186398
93300 2165279243 186598
93400 2174993262 186798
93500 2172712637 186998
93600 2183135833 187198
93700 2187023288 187398
93800 2191845113 187598
93900 2195828836 187798
94000 2201038476 187998
94100 2207307125 188198
94200 2211955101 188398
94300 2213264180 188598
94400 2220734659 188798
94500 2219493398 188998
94600 2233120310 189198
94700 2236799742 189398
94800 2237360881 189598
94900 2244004638 189798
95000 2248775633 189998
95100 2251770772 190198
95200 2258836974 190398
95300 2262448711 190598
95400 2264258924 190798
95500 2273257364 190998
95600 2281276584 191198
95700 2284141680 191398
95800 2282798385 191598
95900 2290622312 191798
96000 2298704884 191998
96100 2299744367 192198
96200 2308316935 192398
96300 2312708690 192598
96400 2312123148 192798
96500 2322071800 192998
96600 2326001647 193198
96700 2328715935 193398
96800 2334728992 193598
96900 2334360326 193798
97000 2342381702 193998
97100 2352200603 194198
97200 2351948808 194398
97300 2358768672 194598
97400 2362044098 194798
97500 2364311180 194998
97600 2375329077 195198
97700 2379737989 195398
97800 2386061357 195598
97900 2390344152 195798
98000 2393529164 195998
98100 2398532564 196198
98200 2402191901 196398
98300 2408296043 196598
98400 2407018372 196798
98500 2418120360 196998
98600 2421531425 197198
98700 2423827626 197398
98800 2432190555 197598
98900 2432422549 197798
99000 2442075733 197998
99100 2447010086 198198
99200 2451245013 198398
99300 2457420546 198598
99400 2463418890 198798
99500 2463884797 198998
99600 2473721260 199198
99700 2473800562 199398
99800 2482730581 199598
99900 2491558888 199798
100000 2495508072 199998
