100 4950 198
200 19900 398
300 44850 598
400 79800 798
500 124750 998
600 179700 1198
700 244650 1398
800 319600 1598
900 404550 1798
1000 499500 1998
1100 604450 2198
1200 719400 2398
1300 844350 2598
1400 979300 2798
1500 1124250 2998
1600 1279200 3198
1700 1444150 3398
1800 1619100 3598
1900 1804050 3798
2000 1999000 3998
2100 2203950 4198
2200 2418900 4398
2300 2643850 4598
2400 2878800 4798
2500 3123750 4998
2600 3378700 5198
2700 3643650 5398
2800 3918600 5598
2900 4203550 5798
3000 4498500 5998
3100 4803450 6198
3200 5118400 6398
3300 5443350 6598
3400 5778300 6798
3500 6123250 6998
3600 6478200 7198
3700 6843150 7398
3800 7218100 7598
3900 7603050 7798
4000 7998000 7998
4100 8402950 8198
4200 8817900 8398
4300 9242850 8598
4400 9677800 8798
4500 10122750 8998
4600 10577700 9198
4700 11042650 9398
4800 11517600 9598
4900 12002550 9798
5000 12497500 9998
5100 13002450 10198
5200 13517400 10398
5300 14042350 10598
5400 14577300 10798
5500 15122250 10998
5600 15677200 11198
5700 16242150 11398
5800 16817100 11598
5900 17402050 11798
6000 17997000 11998
6100 18601950 12198
6200 19216900 12398
6300 19841850 12598
6400 20476800 12798
6500 21121750 12998
6600 21776700 13198
6700 22441650 13398
6800 23116600 13598
6900 23801550 13798
7000 24496500 13998
7100 25201450 14198
7200 25916400 14398
7300 26641350 14598
7400 27376300 14798
7500 28121250 14998
7600 28876200 15198
7700 29641150 15398
7800 30416100 15598
7900 31201050 15798
8000 31996000 15998
8100 32800950 16198
8200 33615900 16398
8300 34440850 16598
8400 35275800 16798
8500 36120750 16998
8600 36975700 17198
8700 37840650 17398
8800 38715600 17598
8900 39600550 17798
9000 40495500 17998
9100 41400450 18198
9200 42315400 18398
9300 43240350 18598
9400 44175300 18798
9500 45120250 18998
9600 46075200 19198
9700 47040150 19398
9800 48015100 19598
9900 49000050 19798
10000 49995000 19998
10100 50999950 20198
10200 52014900 20398
10300 53039850 20598
10400 54074800 20798
10500 55119750 20998
10600 56174700 21198
10700 57239650 21398
10800 58314600 21598
10900 59399550 21798
11000 60494500 21998
11100 61599450 22198
11200 62714400 22398
11300 63839350 22598
11400 64974300 22798
11500 66119250 22998
11600 67274200 23198
11700 68439150 23398
11800 69614100 23598
11900 70799050 23798
12000 71994000 23998
12100 73198950 24198
12200 74413900 24398
12300 75638850 24598
12400 76873800 24798
12500 78118750 24998
12600 79373700 25198
12700 80638650 25398
12800 81913600 25598
12900 83198550 25798
13000 84493500 25998
13100 85798450 26198
13200 87113400 26398
13300 88438350 26598
13400 89773300 26798
13500 91118250 26998
13600 92473200 27198
13700 93838150 27398
13800 95213100 27598
13900 96598050 27798
14000 97993000 27998
14100 99397950 28198
14200 100812900 28398
14300 102237850 28598
14400 103672800 28798
14500 105117750 28998
14600 106572700 29198
14700 108037650 29398
14800 109512600 29598
14900 110997550 29798
15000 112492500 29998
15100 113997450 30198
15200 115512400 30398
15300 117037350 30598
15400 118572300 30798
15500 120117250 30998
15600 121672200 31198
15700 123237150 31398
15800 124812100 31598
15900 126397050 31798
16000 127992000 31998
16100 129596950 32198
16200 131211900 32398
16300 132836850 32598
16400 134471800 32798
16500 136116750 32998
16600 137771700 33198
16700 139436650 33398
16800 141111600 33598
16900 142796550 33798
17000 144491500 33998
17100 146196450 34198
17200 147911400 34398
17300 149636350 34598
17400 151371300 34798
17500 153116250 34998
17600 154871200 35198
17700 156636150 35398
17800 158411100 35598
17900 160196050 35798
18000 161991000 35998
18100 163795950 36198
18200 165610900 36398
18300 167435850 36598
18400 169270800 36798
18500 171115750 36998
18600 172970700 37198
18700 174835650 37398
18800 176710600 37598
18900 178595550 37798
19000 180490500 37998
19100 182395450 38198
19200 184310400 38398
19300 186235350 38598
19400 188170300 38798
19500 190115250 38998
19600 192070200 39198
19700 194035150 39398
19800 196010100 39598
19900 197995050 39798
20000 199990000 39998
20100 201994950 40198
20200 204009900 40398
20300 206034850 40598
20400 208069800 40798
20500 210114750 40998
20600 212169700 41198
20700 214234650 41398
20800 216309600 41598
20900 218394550 41798
21000 220489500 41998
21100 222594450 42198
21200 224709400 42398
21300 226834350 42598
21400 228969300 42798
21500 231114250 42998
21600 233269200 43198
21700 235434150 43398
21800 237609100 43598
21900 239794050 43798
22000 241989000 43998
22100 244193950 44198
22200 246408900 44398
22300 248633850 44598
22400 250868800 44798
22500 253113750 44998
22600 255368700 45198
22700 257633650 45398
22800 259908600 45598
22900 262193550 45798
23000 264488500 45998
23100 266793450 46198
23200 269108400 46398
23300 271433350 46598
23400 273768300 46798
23500 276113250 46998
23600 278468200 47198
23700 280833150 47398
23800 283208100 47598
23900 285593050 47798
24000 287988000 47998
24100 290392950 48198
24200 292807900 48398
24300 295232850 48598
24400 297667800 48798
24500 300112750 48998
24600 302567700 49198
24700 305032650 49398
24800 307507600 49598
24900 309992550 49798
25000 312487500 49998
25100 314992450 50198
25200 317507400 50398
25300 320032350 50598
25400 322567300 50798
25500 325112250 50998
25600 327667200 51198
25700 330232150 51398
25800 332807100 51598
25900 335392050 51798
26000 337987000 51998
26100 340591950 52198
26200 343206900 52398
26300 345831850 52598
26400 348466800 52798
26500 351111750 52998
26600 353766700 53198
26700 356431650 53398
26800 359106600 53598
26900 361791550 53798
27000 364486500 53998
27100 367191450 54198
27200 369906400 54398
27300 372631350 54598
27400 375366300 54798
27500 378111250 54998
27600 380866200 55198
27700 383631150 55398
27800 386406100 55598
27900 389191050 55798
28000 391986000 55998
28100 394790950 56198
28200 397605900 56398
28300 400430850 56598
28400 403265800 56798
28500 406110750 56998
28600 408965700 57198
28700 411830650 57398
28800 414705600 57598
28900 417590550 57798
29000 420485500 57998
29100 423390450 58198
29200 426305400 58398
29300 429230350 58598
29400 432165300 58798
29500 435110250 58998
29600 438065200 59198
29700 441030150 59398
29800 444005100 59598
29900 446990050 59798
30000 449985000 59998
30100 452989950 60198
30200 456004900 60398
30300 459029850 60598
30400 462064800 60798
30500 465109750 60998
30600 468164700 61198
30700 471229650 61398
30800 474304600 61598
30900 477389550 61798
31000 480484500 61998
31100 483589450 62198
31200 486704400 62398
31300 489829350 62598
31400 492964300 62798
31500 496109250 62998
31600 499264200 63198
31700 502429150 63398
31800 505604100 63598
31900 508789050 63798
32000 511984000 63998
32100 515188950 64198
32200 518403900 64398
32300 521628850 64598
32400 524863800 64798
32500 528108750 64998
32600 531363700 65198
32700 534628650 65398
32800 537903600 65598
32900 541188550 65798
33000 544483500 65998
33100 547788450 66198
33200 551103400 66398
33300 554428350 66598
33400 557763300 66798
33500 561108250 66998
33600 564463200 67198
33700 567828150 67398
33800 571203100 67598
33900 574588050 67798
34000 577983000 67998
34100 581387950 68198
34200 584802900 68398
34300 588227850 68598
34400 591662800 68798
34500 595107750 68998
34600 598562700 69198
34700 602027650 69398
34800 605502600 69598
34900 608987550 69798
35000 612482500 69998
35100 615987450 70198
35200 619502400 70398
35300 623027350 70598
35400 626562300 70798
35500 630107250 70998
35600 633662200 71198
35700 637227150 71398
35800 640802100 71598
35900 644387050 71798
36000 647982000 71998
36100 651586950 72198
36200 655201900 72398
36300 658826850 72598
36400 662461800 72798
36500 666106750 72998
36600 669761700 73198
36700 673426650 73398
36800 677101600 73598
36900 680786550 73798
37000 684481500 73998
37100 688186450 74198
37200 691901400 74398
37300 695626350 74598
37400 699361300 74798
37500 703106250 74998
37600 706861200 75198
37700 710626150 75398
37800 714401100 75598
37900 718186050 75798
38000 721981000 75998
38100 725785950 76198
38200 729600900 76398
38300 733425850 76598
38400 737260800 76798
38500 741105750 76998
38600 744960700 77198
38700 748825650 77398
38800 752700600 77598
38900 756585550 77798
39000 760480500 77998
39100 764385450 78198
39200 768300400 78398
39300 772225350 78598
39400 776160300 78798
39500 780105250 78998
39600 784060200 79198
39700 788025150 79398
39800 792000100 79598
39900 795985050 79798
40000 799980000 79998
40100 803984950 80198
40200 807999900 80398
40300 812024850 80598
40400 816059800 80798
40500 820104750 80998
40600 824159700 81198
40700 828224650 81398
40800 832299600 81598
40900 836384550 81798
41000 840479500 81998
41100 844584450 82198
41200 848699400 82398
41300 852824350 82598
41400 856959300 82798
41500 861104250 82998
41600 865259200 83198
41700 869424150 83398
41800 873599100 83598
41900 877784050 83798
42000 881979000 83998
42100 886183950 84198
42200 890398900 84398
42300 894623850 84598
42400 898858800 84798
42500 903103750 84998
42600 907358700 85198
42700 911623650 85398
42800 915898600 85598
42900 920183550 85798
43000 924478500 85998
43100 928783450 86198
43200 933098400 86398
43300 937423350 86598
43400 941758300 86798
43500 946103250 86998
43600 950458200 87198
43700 954823150 87398
43800 959198100 87598
43900 963583050 87798
44000 967978000 87998
44100 972382950 88198
44200 976797900 88398
44300 981222850 88598
44400 985657800 88798
44500 990102750 88998
44600 994557700 89198
44700 999022650 89398
44800 1003497600 89598
44900 1007982550 89798
45000 1012477500 89998
45100 1016982450 90198
45200 1021497400 90398
45300 1026022350 90598
45400 1030557300 90798
45500 1035102250 90998
45600 1039657200 91198
45700 1044222150 91398
45800 1048797100 91598
45900 1053382050 91798
46000 1057977000 91998
46100 1062581950 92198
46200 1067196900 92398
46300 1071821850 92598
46400 1076456800 92798
46500 1081101750 92998
46600 1085756700 93198
46700 1090421650 93398
46800 1095096600 93598
46900 1099781550 93798
47000 1104476500 93998
47100 1109181450 94198
47200 1113896400 94398
47300 1118621350 94598
47400 1123356300 94798
47500 1128101250 94998
47600 1132856200 95198
47700 1137621150 95398
47800 1142396100 95598
47900 1147181050 95798
48000 1151976000 95998
48100 1156780950 96198
48200 1161595900 96398
48300 1166420850 96598
48400 1171255800 96798
48500 1176100750 96998
48600 1180955700 97198
48700 1185820650 97398
48800 1190695600 97598
48900 1195580550 97798
49000 1200475500 97998
49100 1205380450 98198
49200 1210295400 98398
49300 1215220350 98598
49400 1220155300 98798
49500 1225100250 98998
49600 1230055200 99198
49700 1235020150 99398
49800 1239995100 99598
49900 1244980050 99798
50000 1249975000 99998
50100 1254979950 100198
50200 1259994900 100398
50300 1265019850 100598
50400 1270054800 100798
50500 1275099750 100998
50600 1280154700 101198
50700 1285219650 101398
50800 1290294600 101598
50900 1295379550 101798
51000 1300474500 101998
51100 1305579450 102198
51200 1310694400 102398
51300 1315819350 102598
51400 1320954300 102798
51500 1326099250 102998
51600 1331254200 103198
51700 1336419150 103398
51800 1341594100 103598
51900 1346779050 103798
52000 1351974000 103998
52100 1357178950 104198
52200 1362393900 104398
52300 1367618850 104598
52400 1372853800 104798
52500 1378098750 104998
52600 1383353700 105198
52700 1388618650 105398
52800 1393893600 105598
52900 1399178550 105798
53000 1404473500 105998
53100 1409778450 106198
53200 1415093400 106398
53300 1420418350 106598
53400 1425753300 106798
53500 1431098250 106998
53600 1436453200 107198
53700 1441818150 107398
53800 1447193100 107598
53900 1452578050 107798
54000 1457973000 107998
54100 1463377950 108198
54200 1468792900 108398
54300 1474217850 108598
54400 1479652800 108798
54500 1485097750 108998
54600 1490552700 109198
54700 1496017650 109398
54800 1501492600 109598
54900 1506977550 109798
55000 1512472500 109998
55100 1517977450 110198
55200 1523492400 110398
55300 1529017350 110598
55400 1534552300 110798
55500 1540097250 110998
55600 1545652200 111198
55700 1551217150 111398
55800 1556792100 111598
55900 1562377050 111798
56000 1567972000 111998
56100 1573576950 112198
56200 1579191900 112398
56300 1584816850 112598
56400 1590451800 112798
56500 1596096750 112998
56600 1601751700 113198
56700 1607416650 113398
56800 1613091600 113598
56900 1618776550 113798
57000 1624471500 113998
57100 1630176450 114198
57200 1635891400 114398
57300 1641616350 114598
57400 1647351300 114798
57500 1653096250 114998
57600 1658851200 115198
57700 1664616150 115398
57800 1670391100 115598
57900 1676176050 115798
58000 1681971000 115998
58100 1687775950 116198
58200 1693590900 116398
58300 1699415850 116598
58400 1705250800 116798
58500 1711095750 116998
58600 1716950700 117198
58700 1722815650 117398
58800 1728690600 117598
58900 1734575550 117798
59000 1740470500 117998
59100 1746375450 118198
59200 1752290400 118398
59300 1758215350 118598
59400 1764150300 118798
59500 1770095250 118998
59600 1776050200 119198
59700 1782015150 119398
59800 1787990100 119598
59900 1793975050 119798
60000 1799970000 119998
60100 1805974950 120198
60200 1811989900 120398
60300 1818014850 120598
60400 1824049800 120798
60500 1830094750 120998
60600 1836149700 121198
60700 1842214650 121398
60800 1848289600 121598
60900 1854374550 121798
61000 1860469500 121998
61100 1866574450 122198
61200 1872689400 122398
61300 1878814350 122598
61400 1884949300 122798
61500 1891094250 122998
61600 1897249200 123198
61700 1903414150 123398
61800 1909589100 123598
61900 1915774050 123798
62000 1921969000 123998
62100 1928173950 124198
62200 1934388900 124398
62300 1940613850 124598
62400 1946848800 124798
62500 1953093750 124998
62600 1959348700 125198
62700 1965613650 125398
62800 1971888600 125598
62900 1978173550 125798
63000 1984468500 125998
63100 1990773450 126198
63200 1997088400 126398
63300 2003413350 126598
63400 2009748300 126798
63500 2016093250 126998
63600 2022448200 127198
63700 2028813150 127398
63800 2035188100 127598
63900 2041573050 127798
64000 2047968000 127998
64100 2054372950 128198
64200 2060787900 128398
64300 2067212850 128598
64400 2073647800 128798
64500 2080092750 128998
64600 2086547700 129198
64700 2093012650 129398
64800 2099487600 129598
64900 2105972550 129798
65000 2112467500 129998
65100 2118972450 130198
65200 2125487400 130398
65300 2132012350 130598
65400 2138547300 130798
65500 2145092250 130998
65600 2151647200 131198
65700 2158212150 131398
65800 2164787100 131598
65900 2171372050 131798
66000 2177967000 131998
66100 2184571950 132198
66200 2191186900 132398
66300 2197811850 132598
66400 2204446800 132798
66500 2211091750 132998
66600 2217746700 133198
66700 2224411650 133398
66800 2231086600 133598
66900 2237771550 133798
67000 2244466500 133998
67100 2251171450 134198
67200 2257886400 134398
67300 2264611350 134598
67400 2271346300 134798
67500 2278091250 134998
67600 2284846200 135198
67700 2291611150 135398
67800 2298386100 135598
67900 2305171050 135798
68000 2311966000 135998
68100 2318770950 136198
68200 2325585900 136398
68300 2332410850 136598
68400 2339245800 136798
68500 2346090750 136998
68600 2352945700 137198
68700 2359810650 137398
68800 2366685600 137598
68900 2373570550 137798
69000 2380465500 137998
69100 2387370450 138198
69200 2394285400 138398
69300 2401210350 138598
69400 2408145300 138798
69500 2415090250 138998
69600 2422045200 139198
69700 2429010150 139398
69800 2435985100 139598
69900 2442970050 139798
70000 2449965000 139998
70100 2456969950 140198
70200 2463984900 140398
70300 2471009850 140598
70400 2478044800 140798
70500 2485089750 140998
70600 2492144700 141198
70700 2499209650 141398
70800 2506284600 141598
70900 2513369550 141798
71000 2520464500 141998
71100 2527569450 142198
71200 2534684400 142398
71300 2541809350 142598
71400 2548944300 142798
71500 2556089250 142998
71600 2563244200 143198
71700 2570409150 143398
71800 2577584100 143598
71900 2584769050 143798
72000 2591964000 143998
72100 2599168950 144198
72200 2606383900 144398
72300 2613608850 144598
72400 2620843800 144798
72500 2628088750 144998
72600 2635343700 145198
72700 2642608650 145398
72800 2649883600 145598
72900 2657168550 145798
73000 2664463500 145998
73100 2671768450 146198
73200 2679083400 146398
73300 2686408350 146598
73400 2693743300 146798
73500 2701088250 146998
73600 2708443200 147198
73700 2715808150 147398
73800 2723183100 147598
73900 2730568050 147798
74000 2737963000 147998
74100 2745367950 148198
74200 2752782900 148398
74300 2760207850 148598
74400 2767642800 148798
74500 2775087750 148998
74600 2782542700 149198
74700 2790007650 149398
74800 2797482600 149598
74900 2804967550 149798
75000 2812462500 149998
75100 2819967450 150198
75200 2827482400 150398
75300 2835007350 150598
75400 2842542300 150798
75500 2850087250 150998
75600 2857642200 151198
75700 2865207150 151398
75800 2872782100 151598
75900 2880367050 151798
76000 2887962000 151998
76100 2895566950 152198
76200 2903181900 152398
76300 2910806850 152598
76400 2918441800 152798
76500 2926086750 152998
76600 2933741700 153198
76700 2941406650 153398
76800 2949081600 153598
76900 2956766550 153798
77000 2964461500 153998
77100 2972166450 154198
77200 2979881400 154398
77300 2987606350 154598
77400 2995341300 154798
77500 3003086250 154998
77600 3010841200 155198
77700 3018606150 155398
77800 3026381100 155598
77900 3034166050 155798
78000 3041961000 155998
78100 3049765950 156198
78200 3057580900 156398
78300 3065405850 156598
78400 3073240800 156798
78500 3081085750 156998
78600 3088940700 157198
78700 3096805650 157398
78800 3104680600 157598
78900 3112565550 157798
79000 3120460500 157998
79100 3128365450 158198
79200 3136280400 158398
79300 3144205350 158598
79400 3152140300 158798
79500 3160085250 158998
79600 3168040200 159198
79700 3176005150 159398
79800 3183980100 159598
79900 3191965050 159798
80000 3199960000 159998
80100 3207964950 160198
80200 3215979900 160398
80300 3224004850 160598
80400 3232039800 160798
80500 3240084750 160998
80600 3248139700 161198
80700 3256204650 161398
80800 3264279600 161598
80900 3272364550 161798
81000 3280459500 161998
81100 3288564450 162198
81200 3296679400 162398
81300 3304804350 162598
81400 3312939300 162798
81500 3321084250 162998
81600 3329239200 163198
81700 3337404150 163398
81800 3345579100 163598
81900 3353764050 163798
82000 3361959000 163998
82100 3370163950 164198
82200 3378378900 164398
82300 3386603850 164598
82400 3394838800 164798
82500 3403083750 164998
82600 3411338700 165198
82700 3419603650 165398
82800 3427878600 165598
82900 3436163550 165798
83000 3444458500 165998
83100 3452763450 166198
83200 3461078400 166398
83300 3469403350 166598
83400 3477738300 166798
83500 3486083250 166998
83600 3494438200 167198
83700 3502803150 167398
83800 3511178100 167598
83900 3519563050 167798
84000 3527958000 167998
84100 3536362950 168198
84200 3544777900 168398
84300 3553202850 168598
84400 3561637800 168798
84500 3570082750 168998
84600 3578537700 169198
84700 3587002650 169398
84800 3595477600 169598
84900 3603962550 169798
85000 3612457500 169998
85100 3620962450 170198
85200 3629477400 170398
85300 3638002350 170598
85400 3646537300 170798
85500 3655082250 170998
85600 3663637200 171198
85700 3672202150 171398
85800 3680777100 171598
85900 3689362050 171798
86000 3697957000 171998
86100 3706561950 172198
86200 3715176900 172398
86300 3723801850 172598
86400 3732436800 172798
86500 3741081750 172998
86600 3749736700 173198
86700 3758401650 173398
86800 3767076600 173598
86900 3775761550 173798
87000 3784456500 173998
87100 3793161450 174198
87200 3801876400 174398
87300 3810601350 174598
87400 3819336300 174798
87500 3828081250 174998
87600 3836836200 175198
87700 3845601150 175398
87800 3854376100 175598
87900 3863161050 175798
88000 3871956000 175998
88100 3880760950 176198
88200 3889575900 176398
88300 3898400850 176598
88400 3907235800 176798
88500 3916080750 176998
88600 3924935700 177198
88700 3933800650 177398
88800 3942675600 177598
88900 3951560550 177798
89000 3960455500 177998
89100 3969360450 178198
89200 3978275400 178398
89300 3987200350 178598
89400 3996135300 178798
89500 4005080250 178998
89600 4014035200 179198
89700 4023000150 179398
89800 4031975100 179598
89900 4040960050 179798
90000 4049955000 179998
90100 4058959950 180198
90200 4067974900 180398
90300 4076999850 180598
90400 4086034800 180798
90500 4095079750 180998
90600 4104134700 181198
90700 4113199650 181398
90800 4122274600 181598
90900 4131359550 181798
91000 4140454500 181998
91100 4149559450 182198
91200 4158674400 182398
91300 4167799350 182598
91400 4176934300 182798
91500 4186079250 182998
91600 4195234200 183198
91700 4204399150 183398
91800 4213574100 183598
91900 4222759050 183798
92000 4231954000 183998
92100 4241158950 184198
92200 4250373900 184398
92300 4259598850 184598
92400 4268833800 184798
92500 4278078750 184998
92600 4287333700 185198
92700 4296598650 185398
92800 4305873600 185598
92900 4315158550 185798
93000 4324453500 185998
93100 4333758450 186198
93200 4343073400 186398
93300 4352398350 186598
93400 4361733300 186798
93500 4371078250 186998
93600 4380433200 187198
93700 4389798150 187398
93800 4399173100 187598
93900 4408558050 187798
94000 4417953000 187998
94100 4427357950 188198
94200 4436772900 188398
94300 4446197850 188598
94400 4455632800 188798
94500 4465077750 188998
94600 4474532700 189198
94700 4483997650 189398
94800 4493472600 189598
94900 4502957550 189798
95000 4512452500 189998
95100 4521957450 190198
95200 4531472400 190398
95300 4540997350 190598
95400 4550532300 190798
95500 4560077250 190998
95600 4569632200 191198
95700 4579197150 191398
95800 4588772100 191598
95900 4598357050 191798
96000 4607952000 191998
96100 4617556950 192198
96200 4627171900 192398
96300 4636796850 192598
96400 4646431800 192798
96500 4656076750 192998
96600 4665731700 193198
96700 4675396650 193398
96800 4685071600 193598
96900 4694756550 193798
97000 4704451500 193998
97100 4714156450 194198
97200 4723871400 194398
97300 4733596350 194598
97400 4743331300 194798
97500 4753076250 194998
97600 4762831200 195198
97700 4772596150 195398
97800 4782371100 195598
97900 4792156050 195798
98000 4801951000 195998
98100 4811755950 196198
98200 4821570900 196398
98300 4831395850 196598
98400 4841230800 196798
98500 4851075750 196998
98600 4860930700 197198
98700 4870795650 197398
98800 4880670600 197598
98900 4890555550 197798
99000 4900450500 197998
99100 4910355450 198198
99200 4920270400 198398
99300 4930195350 198598
99400 4940130300 198798
99500 4950075250 198998
99600 4960030200 199198
99700 4969995150 199398
99800 4979970100 199598
99900 4989955050 199798
100000 4999950000 199998
