100 825 672
200 1849 1544
300 2947 2488
400 4111 3488
500 5242 4488
600 6499 5576
700 7768 6676
800 9014 7776
900 10252 8876
1000 11493 9976
1100 12821 11152
1200 14194 12352
1300 15560 13552
1400 16955 14752
1500 18281 15952
1600 19619 17152
1700 20961 18352
1800 22299 19552
1900 23637 20752
2000 24952 21952
2100 26368 23204
2200 27836 24504
2300 29320 25804
2400 30774 27104
2500 32288 28404
2600 33704 29704
2700 35220 31004
2800 36634 32304
2900 38092 33604
3000 39573 34904
3100 40996 36204
3200 42438 37504
3300 43891 38804
3400 45324 40104
3500 46779 41404
3600 48210 42704
3700 49599 44004
3800 51060 45304
3900 52464 46604
4000 53936 47904
4100 55339 49208
4200 56930 50608
4300 58504 52008
4400 60079 53408
4500 61688 54808
4600 63245 56208
4700 64810 57608
4800 66392 59008
4900 67911 60408
5000 69518 61808
5100 71091 63208
5200 72653 64608
5300 74253 66008
5400 75770 67408
5500 77357 68808
5600 78886 70208
5700 80452 71608
5800 82002 73008
5900 83563 74408
6000 85116 75808
6100 86655 77208
6200 88213 78608
6300 89741 80008
6400 91288 81408
6500 92865 82808
6600 94401 84208
6700 95920 85608
6800 97455 87008
6900 99013 88408
7000 100566 89808
7100 102057 91208
7200 103582 92608
7300 105167 94008
7400 106684 95408
7500 108233 96808
7600 109744 98208
7700 111272 99608
7800 112771 101008
7900 114292 102408
8000 115846 103808
8100 117350 105208
8200 118865 106616
8300 120586 108116
8400 122265 109616
8500 123911 111116
8600 125567 112616
8700 127305 114116
8800 128998 115616
8900 130653 117116
9000 132311 118616
9100 134027 120116
9200 135686 121616
9300 137349 123116
9400 139092 124616
9500 140754 126116
9600 142368 127616
9700 144099 129116
9800 145708 130616
9900 147401 132116
10000 149085 133616
10100 150753 135116
10200 152410 136616
10300 154046 138116
10400 155747 139616
10500 157411 141116
10600 159054 142616
10700 160762 144116
10800 162386 145616
10900 164039 147116
11000 165684 148616
11100 167354 150116
11200 169011 151616
11300 170662 153116
11400 172313 154616
11500 173999 156116
11600 175625 157616
11700 177246 159116
11800 178953 160616
11900 180607 162116
12000 182248 163616
12100 183883 165116
12200 185530 166616
12300 187201 168116
12400 188816 169616
12500 190449 171116
12600 192124 172616
12700 193738 174116
12800 195402 175616
12900 197046 177116
13000 198703 178616
13100 200337 180116
13200 201961 181616
13300 203640 183116
13400 205237 184616
13500 206898 186116
13600 208513 187616
13700 210171 189116
13800 211793 190616
13900 213418 192116
14000 215072 193616
14100 216725 195116
14200 218339 196616
14300 219989 198116
14400 221630 199616
14500 223275 201116
14600 224884 202616
14700 226464 204116
14800 228117 205616
14900 229738 207116
15000 231446 208616
15100 233011 210116
15200 234569 211616
15300 236308 213116
15400 237914 214616
15500 239479 216116
15600 241129 217616
15700 242778 219116
15800 244433 220616
15900 245967 222116
16000 247580 223616
16100 249268 225116
16200 250894 226616
16300 252457 228116
16400 254171 229632
16500 255875 231232
16600 257699 232832
16700 259514 234432
16800 261297 236032
16900 263069 237632
17000 264847 239232
17100 266669 240832
17200 268458 242432
17300 270204 244032
17400 272027 245632
17500 273706 247232
17600 275650 248832
17700 277348 250432
17800 279056 252032
17900 280895 253632
18000 282720 255232
18100 284471 256832
18200 286273 258432
18300 288020 260032
18400 289769 261632
18500 291571 263232
18600 293349 264832
18700 295099 266432
18800 296901 268032
18900 298657 269632
19000 300496 271232
19100 302256 272832
19200 304011 274432
19300 305790 276032
19400 307529 277632
19500 309289 279232
19600 311007 280832
19700 312765 282432
19800 314599 284032
19900 316368 285632
20000 318043 287232
20100 319904 288832
20200 321630 290432
20300 323446 292032
20400 325233 293632
20500 326973 295232
20600 328705 296832
20700 330527 298432
20800 332238 300032
20900 334072 301632
21000 335777 303232
21100 337556 304832
21200 339372 306432
21300 341088 308032
21400 342809 309632
21500 344625 311232
21600 346332 312832
21700 348163 314432
21800 349863 316032
21900 351648 317632
22000 353428 319232
22100 355106 320832
22200 356891 322432
22300 358710 324032
22400 360419 325632
22500 362173 327232
22600 363960 328832
22700 365710 330432
22800 367471 332032
22900 369245 333632
23000 370956 335232
23100 372736 336832
23200 374483 338432
23300 376178 340032
23400 377997 341632
23500 379710 343232
23600 381446 344832
23700 383244 346432
23800 385035 348032
23900 386674 349632
24000 388386 351232
24100 390199 352832
24200 391929 354432
24300 393685 356032
24400 395509 357632
24500 397215 359232
24600 398936 360832
24700 400740 362432
24800 402414 364032
24900 404254 365632
25000 405928 367232
25100 407607 368832
25200 409471 370432
25300 411168 372032
25400 412952 373632
25500 414705 375232
25600 416450 376832
25700 418187 378432
25800 419942 380032
25900 421604 381632
26000 423407 383232
26100 425170 384832
26200 426866 386432
26300 428645 388032
26400 430394 389632
26500 432165 391232
26600 433846 392832
26700 435574 394432
26800 437284 396032
26900 439033 397632
27000 440843 399232
27100 442445 400832
27200 444295 402432
27300 446042 404032
27400 447764 405632
27500 449487 407232
27600 451259 408832
27700 452903 410432
27800 454710 412032
27900 456436 413632
28000 458184 415232
28100 459842 416832
28200 461653 418432
28300 463297 420032
28400 465104 421632
28500 466904 423232
28600 468571 424832
28700 470284 426432
28800 472081 428032
28900 473725 429632
29000 475478 431232
29100 477313 432832
29200 478987 434432
29300 480745 436032
29400 482388 437632
29500 484159 439232
29600 485834 440832
29700 487616 442432
29800 489333 444032
29900 491066 445632
30000 492813 447232
30100 494503 448832
30200 496269 450432
30300 497910 452032
30400 499649 453632
30500 501473 455232
30600 503193 456832
30700 504884 458432
30800 506594 460032
30900 508285 461632
31000 510071 463232
31100 511812 464832
31200 513489 466432
31300 515251 468032
31400 516997 469632
31500 518692 471232
31600 520384 472832
31700 522088 474432
31800 523797 476032
31900 525645 477632
32000 527249 479232
32100 529088 480832
32200 530772 482432
32300 532474 484032
32400 534213 485632
32500 535897 487232
32600 537653 488832
32700 539364 490432
32800 541077 492064
32900 543002 493764
33000 544920 495464
33100 546784 497164
33200 548625 498864
33300 550537 500564
33400 552469 502264
33500 554280 503964
33600 556216 505664
33700 557984 507364
33800 559942 509064
33900 561828 510764
34000 563730 512464
34100 565550 514164
34200 567495 515864
34300 569358 517564
34400 571246 519264
34500 573117 520964
34600 575065 522664
34700 576872 524364
34800 578793 526064
34900 580635 527764
35000 582542 529464
35100 584459 531164
35200 586305 532864
35300 588174 534564
35400 590108 536264
35500 592038 537964
35600 593905 539664
35700 595781 541364
35800 597553 543064
35900 599458 544764
36000 601345 546464
36100 603193 548164
36200 605105 549864
36300 607058 551564
36400 608924 553264
36500 610771 554964
36600 612617 556664
36700 614502 558364
36800 616432 560064
36900 618222 561764
37000 620148 563464
37100 622038 565164
37200 623807 566864
37300 625793 568564
37400 627541 570264
37500 629529 571964
37600 631387 573664
37700 633199 575364
37800 635103 577064
37900 636985 578764
38000 638967 580464
38100 640749 582164
38200 642654 583864
38300 644488 585564
38400 646344 587264
38500 648234 588964
38600 650025 590664
38700 651995 592364
38800 653751 594064
38900 655748 595764
39000 657598 597464
39100 659431 599164
39200 661293 600864
39300 663223 602564
39400 665064 604264
39500 666919 605964
39600 668815 607664
39700 670740 609364
39800 672634 611064
39900 674302 612764
40000 676324 614464
40100 678139 616164
40200 679988 617864
40300 681872 619564
40400 683727 621264
40500 685574 622964
40600 687443 624664
40700 689340 626364
40800 691213 628064
40900 693115 629764
41000 694809 631464
41100 696783 633164
41200 698725 634864
41300 700490 636564
41400 702429 638264
41500 704256 639964
41600 706164 641664
41700 708037 643364
41800 709937 645064
41900 711767 646764
42000 713600 648464
42100 715399 650164
42200 717307 651864
42300 719128 653564
42400 721127 655264
42500 722879 656964
42600 724743 658664
42700 726620 660364
42800 728564 662064
42900 730312 663764
43000 732232 665464
43100 733980 667164
43200 735904 668864
43300 737736 670564
43400 739627 672264
43500 741574 673964
43600 743353 675664
43700 745195 677364
43800 747027 679064
43900 748928 680764
44000 750792 682464
44100 752672 684164
44200 754442 685864
44300 756333 687564
44400 758239 689264
44500 760118 690964
44600 761979 692664
44700 763849 694364
44800 765668 696064
44900 767524 697764
45000 769439 699464
45100 771214 701164
45200 773210 702864
45300 774893 704564
45400 776807 706264
45500 778630 707964
45600 780501 709664
45700 782306 711364
45800 784266 713064
45900 786036 714764
46000 787929 716464
46100 789772 718164
46200 791653 719864
46300 793416 721564
46400 795302 723264
46500 797216 724964
46600 799003 726664
46700 800835 728364
46800 802652 730064
46900 804555 731764
47000 806409 733464
47100 808326 735164
47200 810141 736864
47300 811948 738564
47400 813897 740264
47500 815691 741964
47600 817596 743664
47700 819523 745364
47800 821217 747064
47900 823163 748764
48000 824913 750464
48100 826714 752164
48200 828651 753864
48300 830517 755564
48400 832387 757264
48500 834238 758964
48600 836069 760664
48700 837985 762364
48800 839693 764064
48900 841541 765764
49000 843525 767464
49100 845298 769164
49200 847143 770864
49300 849015 772564
49400 850795 774264
49500 852694 775964
49600 854578 777664
49700 856322 779364
49800 858189 781064
49900 860022 782764
50000 861768 784464
50100 863724 786164
50200 865591 787864
50300 867532 789564
50400 869265 791264
50500 871160 792964
50600 872958 794664
50700 874850 796364
50800 876612 798064
50900 878447 799764
51000 880312 801464
51100 882161 803164
51200 883964 804864
51300 885923 806564
51400 887757 808264
51500 889552 809964
51600 891386 811664
51700 893323 813364
51800 895184 815064
51900 896974 816764
52000 898875 818464
52100 900593 820164
52200 902465 821864
52300 904342 823564
52400 906160 825264
52500 908043 826964
52600 909887 828664
52700 911758 830364
52800 913569 832064
52900 915435 833764
53000 917285 835464
53100 919068 837164
53200 920842 838864
53300 922703 840564
53400 924602 842264
53500 926460 843964
53600 928204 845664
53700 930000 847364
53800 931900 849064
53900 933821 850764
54000 935591 852464
54100 937504 854164
54200 939251 855864
54300 941161 857564
54400 942866 859264
54500 944743 860964
54600 946699 862664
54700 948347 864364
54800 950363 866064
54900 952238 867764
55000 953963 869464
55100 955697 871164
55200 957673 872864
55300 959495 874564
55400 961293 876264
55500 963205 877964
55600 965048 879664
55700 966859 881364
55800 968695 883064
55900 970505 884764
56000 972400 886464
56100 974168 888164
56200 975933 889864
56300 977921 891564
56400 979775 893264
56500 981449 894964
56600 983264 896664
56700 985188 898364
56800 987026 900064
56900 988924 901764
57000 990709 903464
57100 992436 905164
57200 994306 906864
57300 996121 908564
57400 997962 910264
57500 999878 911964
57600 1001726 913664
57700 1003565 915364
57800 1005271 917064
57900 1007190 918764
58000 1008998 920464
58100 1010736 922164
58200 1012546 923864
58300 1014566 925564
58400 1016264 927264
58500 1018060 928964
58600 1019947 930664
58700 1021875 932364
58800 1023668 934064
58900 1025448 935764
59000 1027294 937464
59100 1029290 939164
59200 1030881 940864
59300 1032805 942564
59400 1034640 944264
59500 1036368 945964
59600 1038313 947664
59700 1040164 949364
59800 1041966 951064
59900 1043811 952764
60000 1045595 954464
60100 1047554 956164
60200 1049189 957864
60300 1051004 959564
60400 1052996 961264
60500 1054747 962964
60600 1056587 964664
60700 1058355 966364
60800 1060200 968064
60900 1062041 969764
61000 1063904 971464
61100 1065779 973164
61200 1067547 974864
61300 1069270 976564
61400 1071110 978264
61500 1073063 979964
61600 1074835 981664
61700 1076675 983364
61800 1078421 985064
61900 1080378 986764
62000 1082175 988464
62100 1083833 990164
62200 1085800 991864
62300 1087753 993564
62400 1089491 995264
62500 1091207 996964
62600 1093089 998664
62700 1094988 1000364
62800 1096750 1002064
62900 1098511 1003764
63000 1100290 1005464
63100 1102168 1007164
63200 1103984 1008864
63300 1105824 1010564
63400 1107556 1012264
63500 1109494 1013964
63600 1111249 1015664
63700 1113137 1017364
63800 1114863 1019064
63900 1116772 1020764
64000 1118604 1022464
64100 1120441 1024164
64200 1122223 1025864
64300 1124126 1027564
64400 1125804 1029264
64500 1127720 1030964
64600 1129437 1032664
64700 1131268 1034364
64800 1133148 1036064
64900 1135009 1037764
65000 1136788 1039464
65100 1138626 1041164
65200 1140315 1042864
65300 1142240 1044564
65400 1144042 1046264
65500 1145773 1047964
65600 1147811 1049728
65700 1149815 1051528
65800 1151858 1053328
65900 1153763 1055128
66000 1155788 1056928
66100 1157747 1058728
66200 1159735 1060528
66300 1161609 1062328
66400 1163682 1064128
66500 1165567 1065928
66600 1167650 1067728
66700 1169741 1069528
66800 1171583 1071328
66900 1173733 1073128
67000 1175615 1074928
67100 1177618 1076728
67200 1179486 1078528
67300 1181603 1080328
67400 1183534 1082128
67500 1185533 1083928
67600 1187632 1085728
67700 1189541 1087528
67800 1191456 1089328
67900 1193425 1091128
68000 1195456 1092928
68100 1197484 1094728
68200 1199343 1096528
68300 1201320 1098328
68400 1203415 1100128
68500 1205425 1101928
68600 1207359 1103728
68700 1209347 1105528
68800 1211461 1107328
68900 1213420 1109128
69000 1215291 1110928
69100 1217352 1112728
69200 1219151 1114528
69300 1221230 1116328
69400 1223337 1118128
69500 1225102 1119928
69600 1227163 1121728
69700 1229088 1123528
69800 1231211 1125328
69900 1233097 1127128
70000 1234986 1128928
70100 1237148 1130728
70200 1239055 1132528
70300 1240999 1134328
70400 1243005 1136128
70500 1245056 1137928
70600 1247134 1139728
70700 1249030 1141528
70800 1250921 1143328
70900 1252961 1145128
71000 1254880 1146928
71100 1256956 1148728
71200 1258923 1150528
71300 1260906 1152328
71400 1262784 1154128
71500 1264849 1155928
71600 1266741 1157728
71700 1268813 1159528
71800 1270758 1161328
71900 1272760 1163128
72000 1274648 1164928
72100 1276745 1166728
72200 1278695 1168528
72300 1280631 1170328
72400 1282612 1172128
72500 1284704 1173928
72600 1286530 1175728
72700 1288578 1177528
72800 1290469 1179328
72900 1292502 1181128
73000 1294435 1182928
73100 1296572 1184728
73200 1298521 1186528
73300 1300508 1188328
73400 1302461 1190128
73500 1304343 1191928
73600 1306427 1193728
73700 1308293 1195528
73800 1310314 1197328
73900 1312349 1199128
74000 1314255 1200928
74100 1316179 1202728
74200 1318314 1204528
74300 1320213 1206328
74400 1322250 1208128
74500 1324188 1209928
74600 1326183 1211728
74700 1328053 1213528
74800 1330060 1215328
74900 1331991 1217128
75000 1334023 1218928
75100 1336059 1220728
75200 1337961 1222528
75300 1339907 1224328
75400 1341875 1226128
75500 1343822 1227928
75600 1345951 1229728
75700 1347842 1231528
75800 1349848 1233328
75900 1351890 1235128
76000 1353817 1236928
76100 1355676 1238728
76200 1357611 1240528
76300 1359713 1242328
76400 1361746 1244128
76500 1363538 1245928
76600 1365549 1247728
76700 1367514 1249528
76800 1369645 1251328
76900 1371367 1253128
77000 1373591 1254928
77100 1375390 1256728
77200 1377587 1258528
77300 1379350 1260328
77400 1381368 1262128
77500 1383256 1263928
77600 1385239 1265728
77700 1387215 1267528
77800 1389180 1269328
77900 1391220 1271128
78000 1393188 1272928
78100 1395147 1274728
78200 1397195 1276528
78300 1399038 1278328
78400 1401058 1280128
78500 1403069 1281928
78600 1405031 1283728
78700 1406957 1285528
78800 1408902 1287328
78900 1410963 1289128
79000 1412980 1290928
79100 1414796 1292728
79200 1416895 1294528
79300 1418928 1296328
79400 1420790 1298128
79500 1422812 1299928
79600 1424631 1301728
79700 1426625 1303528
79800 1428530 1305328
79900 1430718 1307128
80000 1432527 1308928
80100 1434507 1310728
80200 1436462 1312528
80300 1438321 1314328
80400 1440376 1316128
80500 1442363 1317928
80600 1444353 1319728
80700 1446253 1321528
80800 1448306 1323328
80900 1450219 1325128
81000 1452262 1326928
81100 1454107 1328728
81200 1456157 1330528
81300 1458139 1332328
81400 1460090 1334128
81500 1462003 1335928
81600 1464077 1337728
81700 1466022 1339528
81800 1468102 1341328
81900 1469927 1343128
82000 1471872 1344928
82100 1473871 1346728
82200 1475873 1348528
82300 1477624 1350328
82400 1479630 1352128
82500 1481809 1353928
82600 1483621 1355728
82700 1485553 1357528
82800 1487472 1359328
82900 1489512 1361128
83000 1491527 1362928
83100 1493434 1364728
83200 1495280 1366528
83300 1497525 1368328
83400 1499294 1370128
83500 1501326 1371928
83600 1503348 1373728
83700 1505350 1375528
83800 1507202 1377328
83900 1509233 1379128
84000 1511197 1380928
84100 1513136 1382728
84200 1515100 1384528
84300 1517172 1386328
84400 1519131 1388128
84500 1520957 1389928
84600 1522907 1391728
84700 1525011 1393528
84800 1526736 1395328
84900 1528693 1397128
85000 1530783 1398928
85100 1532720 1400728
85200 1534787 1402528
85300 1536710 1404328
85400 1538588 1406128
85500 1540713 1407928
85600 1542601 1409728
85700 1544518 1411528
85800 1546527 1413328
85900 1548385 1415128
86000 1550326 1416928
86100 1552476 1418728
86200 1554344 1420528
86300 1556312 1422328
86400 1558300 1424128
86500 1560155 1425928
86600 1562066 1427728
86700 1564114 1429528
86800 1566052 1431328
86900 1568076 1433128
87000 1569904 1434928
87100 1572020 1436728
87200 1573927 1438528
87300 1575904 1440328
87400 1577847 1442128
87500 1579877 1443928
87600 1581768 1445728
87700 1583748 1447528
87800 1585714 1449328
87900 1587600 1451128
88000 1589543 1452928
88100 1591483 1454728
88200 1593558 1456528
88300 1595540 1458328
88400 1597418 1460128
88500 1599448 1461928
88600 1601391 1463728
88700 1603333 1465528
88800 1605324 1467328
88900 1607223 1469128
89000 1609208 1470928
89100 1611133 1472728
89200 1613116 1474528
89300 1615064 1476328
89400 1616918 1478128
89500 1618893 1479928
89600 1620788 1481728
89700 1622989 1483528
89800 1624862 1485328
89900 1626768 1487128
90000 1628687 1488928
90100 1630615 1490728
90200 1632634 1492528
90300 1634658 1494328
90400 1636534 1496128
90500 1638607 1497928
90600 1640599 1499728
90700 1642369 1501528
90800 1644371 1503328
90900 1646418 1505128
91000 1648247 1506928
91100 1650307 1508728
91200 1652137 1510528
91300 1654273 1512328
91400 1656117 1514128
91500 1658080 1515928
91600 1659815 1517728
91700 1661952 1519528
91800 1663960 1521328
91900 1665951 1523128
92000 1667948 1524928
92100 1669833 1526728
92200 1671700 1528528
92300 1673585 1530328
92400 1675728 1532128
92500 1677613 1533928
92600 1679583 1535728
92700 1681619 1537528
92800 1683596 1539328
92900 1685484 1541128
93000 1687388 1542928
93100 1689345 1544728
93200 1691351 1546528
93300 1693136 1548328
93400 1695199 1550128
93500 1697050 1551928
93600 1699167 1553728
93700 1701093 1555528
93800 1703028 1557328
93900 1705075 1559128
94000 1706889 1560928
94100 1708919 1562728
94200 1710859 1564528
94300 1712765 1566328
94400 1714551 1568128
94500 1716617 1569928
94600 1718658 1571728
94700 1720713 1573528
94800 1722638 1575328
94900 1724279 1577128
95000 1726347 1578928
95100 1728520 1580728
95200 1730316 1582528
95300 1732214 1584328
95400 1734303 1586128
95500 1736124 1587928
95600 1738103 1589728
95700 1740077 1591528
95800 1741851 1593328
95900 1743933 1595128
96000 1745840 1596928
96100 1747794 1598728
96200 1749763 1600528
96300 1751812 1602328
96400 1753759 1604128
96500 1755538 1605928
96600 1757618 1607728
96700 1759516 1609528
96800 1761510 1611328
96900 1763344 1613128
97000 1765374 1614928
97100 1767206 1616728
97200 1769295 1618528
97300 1771295 1620328
97400 1773105 1622128
97500 1775292 1623928
97600 1777151 1625728
97700 1778973 1627528
97800 1781028 1629328
97900 1783002 1631128
98000 1784971 1632928
98100 1786890 1634728
98200 1788669 1636528
98300 1790817 1638328
98400 1792766 1640128
98500 1794610 1641928
98600 1796478 1643728
98700 1798566 1645528
98800 1800461 1647328
98900 1802368 1649128
99000 1804406 1650928
99100 1806170 1652728
99200 1808212 1654528
99300 1810326 1656328
99400 1812068 1658128
99500 1814099 1659928
99600 1816001 1661728
99700 1818082 1663528
99800 1820021 1665328
99900 1821803 1667128
100000 1823756 1668928
