100 771 672
200 1743 1544
300 2787 2488
400 3887 3488
500 4987 4488
600 6175 5576
700 7375 6676
800 8575 7776
900 9775 8876
1000 10975 9976
1100 12251 11152
1200 13551 12352
1300 14851 13552
1400 16151 14752
1500 17451 15952
1600 18751 17152
1700 20051 18352
1800 21351 19552
1900 22651 20752
2000 23951 21952
2100 25303 23204
2200 26703 24504
2300 28103 25804
2400 29503 27104
2500 30903 28404
2600 32303 29704
2700 33703 31004
2800 35103 32304
2900 36503 33604
3000 37903 34904
3100 39303 36204
3200 40703 37504
3300 42103 38804
3400 43503 40104
3500 44903 41404
3600 46303 42704
3700 47703 44004
3800 49103 45304
3900 50503 46604
4000 51903 47904
4100 53307 49208
4200 54807 50608
4300 56307 52008
4400 57807 53408
4500 59307 54808
4600 60807 56208
4700 62307 57608
4800 63807 59008
4900 65307 60408
5000 66807 61808
5100 68307 63208
5200 69807 64608
5300 71307 66008
5400 72807 67408
5500 74307 68808
5600 75807 70208
5700 77307 71608
5800 78807 73008
5900 80307 74408
6000 81807 75808
6100 83307 77208
6200 84807 78608
6300 86307 80008
6400 87807 81408
6500 89307 82808
6600 90807 84208
6700 92307 85608
6800 93807 87008
6900 95307 88408
7000 96807 89808
7100 98307 91208
7200 99807 92608
7300 101307 94008
7400 102807 95408
7500 104307 96808
7600 105807 98208
7700 107307 99608
7800 108807 101008
7900 110307 102408
8000 111807 103808
8100 113307 105208
8200 114815 106616
8300 116415 108116
8400 118015 109616
8500 119615 111116
8600 121215 112616
8700 122815 114116
8800 124415 115616
8900 126015 117116
9000 127615 118616
9100 129215 120116
9200 130815 121616
9300 132415 123116
9400 134015 124616
9500 135615 126116
9600 137215 127616
9700 138815 129116
9800 140415 130616
9900 142015 132116
10000 143615 133616
10100 145215 135116
10200 146815 136616
10300 148415 138116
10400 150015 139616
10500 151615 141116
10600 153215 142616
10700 154815 144116
10800 156415 145616
10900 158015 147116
11000 159615 148616
11100 161215 150116
11200 162815 151616
11300 164415 153116
11400 166015 154616
11500 167615 156116
11600 169215 157616
11700 170815 159116
11800 172415 160616
11900 174015 162116
12000 175615 163616
12100 177215 165116
12200 178815 166616
12300 180415 168116
12400 182015 169616
12500 183615 171116
12600 185215 172616
12700 186815 174116
12800 188415 175616
12900 190015 177116
13000 191615 178616
13100 193215 180116
13200 194815 181616
13300 196415 183116
13400 198015 184616
13500 199615 186116
13600 201215 187616
13700 202815 189116
13800 204415 190616
13900 206015 192116
14000 207615 193616
14100 209215 195116
14200 210815 196616
14300 212415 198116
14400 214015 199616
14500 215615 201116
14600 217215 202616
14700 218815 204116
14800 220415 205616
14900 222015 207116
15000 223615 208616
15100 225215 210116
15200 226815 211616
15300 228415 213116
15400 230015 214616
15500 231615 216116
15600 233215 217616
15700 234815 219116
15800 236415 220616
15900 238015 222116
16000 239615 223616
16100 241215 225116
16200 242815 226616
16300 244415 228116
16400 246031 229632
16500 247731 231232
16600 249431 232832
16700 251131 234432
16800 252831 236032
16900 254531 237632
17000 256231 239232
17100 257931 240832
17200 259631 242432
17300 261331 244032
17400 263031 245632
17500 264731 247232
17600 266431 248832
17700 268131 250432
17800 269831 252032
17900 271531 253632
18000 273231 255232
18100 274931 256832
18200 276631 258432
18300 278331 260032
18400 280031 261632
18500 281731 263232
18600 283431 264832
18700 285131 266432
18800 286831 268032
18900 288531 269632
19000 290231 271232
19100 291931 272832
19200 293631 274432
19300 295331 276032
19400 297031 277632
19500 298731 279232
19600 300431 280832
19700 302131 282432
19800 303831 284032
19900 305531 285632
20000 307231 287232
20100 308931 288832
20200 310631 290432
20300 312331 292032
20400 314031 293632
20500 315731 295232
20600 317431 296832
20700 319131 298432
20800 320831 300032
20900 322531 301632
21000 324231 303232
21100 325931 304832
21200 327631 306432
21300 329331 308032
21400 331031 309632
21500 332731 311232
21600 334431 312832
21700 336131 314432
21800 337831 316032
21900 339531 317632
22000 341231 319232
22100 342931 320832
22200 344631 322432
22300 346331 324032
22400 348031 325632
22500 349731 327232
22600 351431 328832
22700 353131 330432
22800 354831 332032
22900 356531 333632
23000 358231 335232
23100 359931 336832
23200 361631 338432
23300 363331 340032
23400 365031 341632
23500 366731 343232
23600 368431 344832
23700 370131 346432
23800 371831 348032
23900 373531 349632
24000 375231 351232
24100 376931 352832
24200 378631 354432
24300 380331 356032
24400 382031 357632
24500 383731 359232
24600 385431 360832
24700 387131 362432
24800 388831 364032
24900 390531 365632
25000 392231 367232
25100 393931 368832
25200 395631 370432
25300 397331 372032
25400 399031 373632
25500 400731 375232
25600 402431 376832
25700 404131 378432
25800 405831 380032
25900 407531 381632
26000 409231 383232
26100 410931 384832
26200 412631 386432
26300 414331 388032
26400 416031 389632
26500 417731 391232
26600 419431 392832
26700 421131 394432
26800 422831 396032
26900 424531 397632
27000 426231 399232
27100 427931 400832
27200 429631 402432
27300 431331 404032
27400 433031 405632
27500 434731 407232
27600 436431 408832
27700 438131 410432
27800 439831 412032
27900 441531 413632
28000 443231 415232
28100 444931 416832
28200 446631 418432
28300 448331 420032
28400 450031 421632
28500 451731 423232
28600 453431 424832
28700 455131 426432
28800 456831 428032
28900 458531 429632
29000 460231 431232
29100 461931 432832
29200 463631 434432
29300 465331 436032
29400 467031 437632
29500 468731 439232
29600 470431 440832
29700 472131 442432
29800 473831 444032
29900 475531 445632
30000 477231 447232
30100 478931 448832
30200 480631 450432
30300 482331 452032
30400 484031 453632
30500 485731 455232
30600 487431 456832
30700 489131 458432
30800 490831 460032
30900 492531 461632
31000 494231 463232
31100 495931 464832
31200 497631 466432
31300 499331 468032
31400 501031 469632
31500 502731 471232
31600 504431 472832
31700 506131 474432
31800 507831 476032
31900 509531 477632
32000 511231 479232
32100 512931 480832
32200 514631 482432
32300 516331 484032
32400 518031 485632
32500 519731 487232
32600 521431 488832
32700 523131 490432
32800 524863 492064
32900 526663 493764
33000 528463 495464
33100 530263 497164
33200 532063 498864
33300 533863 500564
33400 535663 502264
33500 537463 503964
33600 539263 505664
33700 541063 507364
33800 542863 509064
33900 544663 510764
34000 546463 512464
34100 548263 514164
34200 550063 515864
34300 551863 517564
34400 553663 519264
34500 555463 520964
34600 557263 522664
34700 559063 524364
34800 560863 526064
34900 562663 527764
35000 564463 529464
35100 566263 531164
35200 568063 532864
35300 569863 534564
35400 571663 536264
35500 573463 537964
35600 575263 539664
35700 577063 541364
35800 578863 543064
35900 580663 544764
36000 582463 546464
36100 584263 548164
36200 586063 549864
36300 587863 551564
36400 589663 553264
36500 591463 554964
36600 593263 556664
36700 595063 558364
36800 596863 560064
36900 598663 561764
37000 600463 563464
37100 602263 565164
37200 604063 566864
37300 605863 568564
37400 607663 570264
37500 609463 571964
37600 611263 573664
37700 613063 575364
37800 614863 577064
37900 616663 578764
38000 618463 580464
38100 620263 582164
38200 622063 583864
38300 623863 585564
38400 625663 587264
38500 627463 588964
38600 629263 590664
38700 631063 592364
38800 632863 594064
38900 634663 595764
39000 636463 597464
39100 638263 599164
39200 640063 600864
39300 641863 602564
39400 643663 604264
39500 645463 605964
39600 647263 607664
39700 649063 609364
39800 650863 611064
39900 652663 612764
40000 654463 614464
40100 656263 616164
40200 658063 617864
40300 659863 619564
40400 661663 621264
40500 663463 622964
40600 665263 624664
40700 667063 626364
40800 668863 628064
40900 670663 629764
41000 672463 631464
41100 674263 633164
41200 676063 634864
41300 677863 636564
41400 679663 638264
41500 681463 639964
41600 683263 641664
41700 685063 643364
41800 686863 645064
41900 688663 646764
42000 690463 648464
42100 692263 650164
42200 694063 651864
42300 695863 653564
42400 697663 655264
42500 699463 656964
42600 701263 658664
42700 703063 660364
42800 704863 662064
42900 706663 663764
43000 708463 665464
43100 710263 667164
43200 712063 668864
43300 713863 670564
43400 715663 672264
43500 717463 673964
43600 719263 675664
43700 721063 677364
43800 722863 679064
43900 724663 680764
44000 726463 682464
44100 728263 684164
44200 730063 685864
44300 731863 687564
44400 733663 689264
44500 735463 690964
44600 737263 692664
44700 739063 694364
44800 740863 696064
44900 742663 697764
45000 744463 699464
45100 746263 701164
45200 748063 702864
45300 749863 704564
45400 751663 706264
45500 753463 707964
45600 755263 709664
45700 757063 711364
45800 758863 713064
45900 760663 714764
46000 762463 716464
46100 764263 718164
46200 766063 719864
46300 767863 721564
46400 769663 723264
46500 771463 724964
46600 773263 726664
46700 775063 728364
46800 776863 730064
46900 778663 731764
47000 780463 733464
47100 782263 735164
47200 784063 736864
47300 785863 738564
47400 787663 740264
47500 789463 741964
47600 791263 743664
47700 793063 745364
47800 794863 747064
47900 796663 748764
48000 798463 750464
48100 800263 752164
48200 802063 753864
48300 803863 755564
48400 805663 757264
48500 807463 758964
48600 809263 760664
48700 811063 762364
48800 812863 764064
48900 814663 765764
49000 816463 767464
49100 818263 769164
49200 820063 770864
49300 821863 772564
49400 823663 774264
49500 825463 775964
49600 827263 777664
49700 829063 779364
49800 830863 781064
49900 832663 782764
50000 834463 784464
50100 836263 786164
50200 838063 787864
50300 839863 789564
50400 841663 791264
50500 843463 792964
50600 845263 794664
50700 847063 796364
50800 848863 798064
50900 850663 799764
51000 852463 801464
51100 854263 803164
51200 856063 804864
51300 857863 806564
51400 859663 808264
51500 861463 809964
51600 863263 811664
51700 865063 813364
51800 866863 815064
51900 868663 816764
52000 870463 818464
52100 872263 820164
52200 874063 821864
52300 875863 823564
52400 877663 825264
52500 879463 826964
52600 881263 828664
52700 883063 830364
52800 884863 832064
52900 886663 833764
53000 888463 835464
53100 890263 837164
53200 892063 838864
53300 893863 840564
53400 895663 842264
53500 897463 843964
53600 899263 845664
53700 901063 847364
53800 902863 849064
53900 904663 850764
54000 906463 852464
54100 908263 854164
54200 910063 855864
54300 911863 857564
54400 913663 859264
54500 915463 860964
54600 917263 862664
54700 919063 864364
54800 920863 866064
54900 922663 867764
55000 924463 869464
55100 926263 871164
55200 928063 872864
55300 929863 874564
55400 931663 876264
55500 933463 877964
55600 935263 879664
55700 937063 881364
55800 938863 883064
55900 940663 884764
56000 942463 886464
56100 944263 888164
56200 946063 889864
56300 947863 891564
56400 949663 893264
56500 951463 894964
56600 953263 896664
56700 955063 898364
56800 956863 900064
56900 958663 901764
57000 960463 903464
57100 962263 905164
57200 964063 906864
57300 965863 908564
57400 967663 910264
57500 969463 911964
57600 971263 913664
57700 973063 915364
57800 974863 917064
57900 976663 918764
58000 978463 920464
58100 980263 922164
58200 982063 923864
58300 983863 925564
58400 985663 927264
58500 987463 928964
58600 989263 930664
58700 991063 932364
58800 992863 934064
58900 994663 935764
59000 996463 937464
59100 998263 939164
59200 1000063 940864
59300 1001863 942564
59400 1003663 944264
59500 1005463 945964
59600 1007263 947664
59700 1009063 949364
59800 1010863 951064
59900 1012663 952764
60000 1014463 954464
60100 1016263 956164
60200 1018063 957864
60300 1019863 959564
60400 1021663 961264
60500 1023463 962964
60600 1025263 964664
60700 1027063 966364
60800 1028863 968064
60900 1030663 969764
61000 1032463 971464
61100 1034263 973164
61200 1036063 974864
61300 1037863 976564
61400 1039663 978264
61500 1041463 979964
61600 1043263 981664
61700 1045063 983364
61800 1046863 985064
61900 1048663 986764
62000 1050463 988464
62100 1052263 990164
62200 1054063 991864
62300 1055863 993564
62400 1057663 995264
62500 1059463 996964
62600 1061263 998664
62700 1063063 1000364
62800 1064863 1002064
62900 1066663 1003764
63000 1068463 1005464
63100 1070263 1007164
63200 1072063 1008864
63300 1073863 1010564
63400 1075663 1012264
63500 1077463 1013964
63600 1079263 1015664
63700 1081063 1017364
63800 1082863 1019064
63900 1084663 1020764
64000 1086463 1022464
64100 1088263 1024164
64200 1090063 1025864
64300 1091863 1027564
64400 1093663 1029264
64500 1095463 1030964
64600 1097263 1032664
64700 1099063 1034364
64800 1100863 1036064
64900 1102663 1037764
65000 1104463 1039464
65100 1106263 1041164
65200 1108063 1042864
65300 1109863 1044564
65400 1111663 1046264
65500 1113463 1047964
65600 1115327 1049728
65700 1117227 1051528
65800 1119127 1053328
65900 1121027 1055128
66000 1122927 1056928
66100 1124827 1058728
66200 1126727 1060528
66300 1128627 1062328
66400 1130527 1064128
66500 1132427 1065928
66600 1134327 1067728
66700 1136227 1069528
66800 1138127 1071328
66900 1140027 1073128
67000 1141927 1074928
67100 1143827 1076728
67200 1145727 1078528
67300 1147627 1080328
67400 1149527 1082128
67500 1151427 1083928
67600 1153327 1085728
67700 1155227 1087528
67800 1157127 1089328
67900 1159027 1091128
68000 1160927 1092928
68100 1162827 1094728
68200 1164727 1096528
68300 1166627 1098328
68400 1168527 1100128
68500 1170427 1101928
68600 1172327 1103728
68700 1174227 1105528
68800 1176127 1107328
68900 1178027 1109128
69000 1179927 1110928
69100 1181827 1112728
69200 1183727 1114528
69300 1185627 1116328
69400 1187527 1118128
69500 1189427 1119928
69600 1191327 1121728
69700 1193227 1123528
69800 1195127 1125328
69900 1197027 1127128
70000 1198927 1128928
70100 1200827 1130728
70200 1202727 1132528
70300 1204627 1134328
70400 1206527 1136128
70500 1208427 1137928
70600 1210327 1139728
70700 1212227 1141528
70800 1214127 1143328
70900 1216027 1145128
71000 1217927 1146928
71100 1219827 1148728
71200 1221727 1150528
71300 1223627 1152328
71400 1225527 1154128
71500 1227427 1155928
71600 1229327 1157728
71700 1231227 1159528
71800 1233127 1161328
71900 1235027 1163128
72000 1236927 1164928
72100 1238827 1166728
72200 1240727 1168528
72300 1242627 1170328
72400 1244527 1172128
72500 1246427 1173928
72600 1248327 1175728
72700 1250227 1177528
72800 1252127 1179328
72900 1254027 1181128
73000 1255927 1182928
73100 1257827 1184728
73200 1259727 1186528
73300 1261627 1188328
73400 1263527 1190128
73500 1265427 1191928
73600 1267327 1193728
73700 1269227 1195528
73800 1271127 1197328
73900 1273027 1199128
74000 1274927 1200928
74100 1276827 1202728
74200 1278727 1204528
74300 1280627 1206328
74400 1282527 1208128
74500 1284427 1209928
74600 1286327 1211728
74700 1288227 1213528
74800 1290127 1215328
74900 1292027 1217128
75000 1293927 1218928
75100 1295827 1220728
75200 1297727 1222528
75300 1299627 1224328
75400 1301527 1226128
75500 1303427 1227928
75600 1305327 1229728
75700 1307227 1231528
75800 1309127 1233328
75900 1311027 1235128
76000 1312927 1236928
76100 1314827 1238728
76200 1316727 1240528
76300 1318627 1242328
76400 1320527 1244128
76500 1322427 1245928
76600 1324327 1247728
76700 1326227 1249528
76800 1328127 1251328
76900 1330027 1253128
77000 1331927 1254928
77100 1333827 1256728
77200 1335727 1258528
77300 1337627 1260328
77400 1339527 1262128
77500 1341427 1263928
77600 1343327 1265728
77700 1345227 1267528
77800 1347127 1269328
77900 1349027 1271128
78000 1350927 1272928
78100 1352827 1274728
78200 1354727 1276528
78300 1356627 1278328
78400 1358527 1280128
78500 1360427 1281928
78600 1362327 1283728
78700 1364227 1285528
78800 1366127 1287328
78900 1368027 1289128
79000 1369927 1290928
79100 1371827 1292728
79200 1373727 1294528
79300 1375627 1296328
79400 1377527 1298128
79500 1379427 1299928
79600 1381327 1301728
79700 1383227 1303528
79800 1385127 1305328
79900 1387027 1307128
80000 1388927 1308928
80100 1390827 1310728
80200 1392727 1312528
80300 1394627 1314328
80400 1396527 1316128
80500 1398427 1317928
80600 1400327 1319728
80700 1402227 1321528
80800 1404127 1323328
80900 1406027 1325128
81000 1407927 1326928
81100 1409827 1328728
81200 1411727 1330528
81300 1413627 1332328
81400 1415527 1334128
81500 1417427 1335928
81600 1419327 1337728
81700 1421227 1339528
81800 1423127 1341328
81900 1425027 1343128
82000 1426927 1344928
82100 1428827 1346728
82200 1430727 1348528
82300 1432627 1350328
82400 1434527 1352128
82500 1436427 1353928
82600 1438327 1355728
82700 1440227 1357528
82800 1442127 1359328
82900 1444027 1361128
83000 1445927 1362928
83100 1447827 1364728
83200 1449727 1366528
83300 1451627 1368328
83400 1453527 1370128
83500 1455427 1371928
83600 1457327 1373728
83700 1459227 1375528
83800 1461127 1377328
83900 1463027 1379128
84000 1464927 1380928
84100 1466827 1382728
84200 1468727 1384528
84300 1470627 1386328
84400 1472527 1388128
84500 1474427 1389928
84600 1476327 1391728
84700 1478227 1393528
84800 1480127 1395328
84900 1482027 1397128
85000 1483927 1398928
85100 1485827 1400728
85200 1487727 1402528
85300 1489627 1404328
85400 1491527 1406128
85500 1493427 1407928
85600 1495327 1409728
85700 1497227 1411528
85800 1499127 1413328
85900 1501027 1415128
86000 1502927 1416928
86100 1504827 1418728
86200 1506727 1420528
86300 1508627 1422328
86400 1510527 1424128
86500 1512427 1425928
86600 1514327 1427728
86700 1516227 1429528
86800 1518127 1431328
86900 1520027 1433128
87000 1521927 1434928
87100 1523827 1436728
87200 1525727 1438528
87300 1527627 1440328
87400 1529527 1442128
87500 1531427 1443928
87600 1533327 1445728
87700 1535227 1447528
87800 1537127 1449328
87900 1539027 1451128
88000 1540927 1452928
88100 1542827 1454728
88200 1544727 1456528
88300 1546627 1458328
88400 1548527 1460128
88500 1550427 1461928
88600 1552327 1463728
88700 1554227 1465528
88800 1556127 1467328
88900 1558027 1469128
89000 1559927 1470928
89100 1561827 1472728
89200 1563727 1474528
89300 1565627 1476328
89400 1567527 1478128
89500 1569427 1479928
89600 1571327 1481728
89700 1573227 1483528
89800 1575127 1485328
89900 1577027 1487128
90000 1578927 1488928
90100 1580827 1490728
90200 1582727 1492528
90300 1584627 1494328
90400 1586527 1496128
90500 1588427 1497928
90600 1590327 1499728
90700 1592227 1501528
90800 1594127 1503328
90900 1596027 1505128
91000 1597927 1506928
91100 1599827 1508728
91200 1601727 1510528
91300 1603627 1512328
91400 1605527 1514128
91500 1607427 1515928
91600 1609327 1517728
91700 1611227 1519528
91800 1613127 1521328
91900 1615027 1523128
92000 1616927 1524928
92100 1618827 1526728
92200 1620727 1528528
92300 1622627 1530328
92400 1624527 1532128
92500 1626427 1533928
92600 1628327 1535728
92700 1630227 1537528
92800 1632127 1539328
92900 1634027 1541128
93000 1635927 1542928
93100 1637827 1544728
93200 1639727 1546528
93300 1641627 1548328
93400 1643527 1550128
93500 1645427 1551928
93600 1647327 1553728
93700 1649227 1555528
93800 1651127 1557328
93900 1653027 1559128
94000 1654927 1560928
94100 1656827 1562728
94200 1658727 1564528
94300 1660627 1566328
94400 1662527 1568128
94500 1664427 1569928
94600 1666327 1571728
94700 1668227 1573528
94800 1670127 1575328
94900 1672027 1577128
95000 1673927 1578928
95100 1675827 1580728
95200 1677727 1582528
95300 1679627 1584328
95400 1681527 1586128
95500 1683427 1587928
95600 1685327 1589728
95700 1687227 1591528
95800 1689127 1593328
95900 1691027 1595128
96000 1692927 1596928
96100 1694827 1598728
96200 1696727 1600528
96300 1698627 1602328
96400 1700527 1604128
96500 1702427 1605928
96600 1704327 1607728
96700 1706227 1609528
96800 1708127 1611328
96900 1710027 1613128
97000 1711927 1614928
97100 1713827 1616728
97200 1715727 1618528
97300 1717627 1620328
97400 1719527 1622128
97500 1721427 1623928
97600 1723327 1625728
97700 1725227 1627528
97800 1727127 1629328
97900 1729027 1631128
98000 1730927 1632928
98100 1732827 1634728
98200 1734727 1636528
98300 1736627 1638328
98400 1738527 1640128
98500 1740427 1641928
98600 1742327 1643728
98700 1744227 1645528
98800 1746127 1647328
98900 1748027 1649128
99000 1749927 1650928
99100 1751827 1652728
99200 1753727 1654528
99300 1755627 1656328
99400 1757527 1658128
99500 1759427 1659928
99600 1761327 1661728
99700 1763227 1663528
99800 1765127 1665328
99900 1767027 1667128
100000 1768927 1668928
