100 912 186
200 1987 436
300 3232 691
400 4581 966
500 6109 1260
600 7480 1528
700 8286 1887
800 10116 2192
900 11410 2517
1000 12591 2840
1100 14149 3203
1200 15382 3557
1300 16968 3896
1400 18981 4223
1500 19731 4594
1600 21514 4963
1700 22384 5325
1800 24375 5690
1900 25655 6063
2000 26832 6490
2100 28817 6816
2200 30794 7195
2300 30494 7661
2400 32936 7970
2500 36423 8346
2600 36619 8749
2700 37787 9184
2800 39479 9601
2900 41600 9954
3000 43085 10334
3100 45741 10740
3200 45123 11232
3300 48600 11512
3400 49222 11959
3500 50001 12538
3600 51216 12897
3700 53876 13246
3800 54147 13762
3900 54095 14210
4000 56050 14645
4100 58238 15054
4200 62198 15272
4300 62208 15862
4400 65767 16197
4500 66965 16635
4600 65698 17260
4700 70117 17529
4800 71231 17955
4900 71110 18478
5000 74910 18840
5100 75230 19380
5200 79124 19748
5300 76510 20279
5400 81602 20625
5500 80823 21169
5600 82130 21620
5700 87257 21922
5800 83907 22509
5900 86799 23014
6000 89898 23374
6100 90481 23856
6200 92387 24301
6300 95510 24564
6400 93609 25270
6500 96748 25658
6600 97839 26180
6700 102388 26513
6800 102420 27037
6900 104841 27583
7000 110422 27806
7100 108563 28418
7200 110667 28880
7300 110398 29407
7400 118433 29577
7500 113476 30330
7600 120038 30612
7700 119181 31174
7800 120756 31611
7900 121876 32089
8000 120125 32709
8100 121038 33242
8200 125127 33565
8300 125061 34181
8400 129546 34574
8500 130164 35148
8600 130906 35558
8700 131249 36012
8800 139224 36345
8900 135998 36976
9000 144095 37393
9100 141931 37881
9200 140415 38467
9300 142429 38900
9400 146329 39283
9500 150297 39720
9600 147871 40333
9700 151726 40901
9800 155061 41249
9900 150830 41841
10000 154837 42246
10100 165442 42504
10200 161142 43125
10300 164536 43733
10400 159570 44290
10500 159690 44963
10600 168343 45244
10700 172897 45562
10800 162344 46463
10900 170913 46641
11000 176216 47310
11100 175699 47697
11200 175281 48330
11300 178347 48763
11400 182471 49165
11500 177373 49819
11600 186742 50020
11700 178328 50980
11800 179605 51440
11900 192370 51595
12000 194306 51933
12100 195908 52508
12200 190312 53411
12300 199920 53531
12400 194492 54380
12500 199060 54755
12600 201430 55133
12700 199582 55823
12800 207969 56105
12900 205864 56676
13000 205100 57299
13100 207851 57847
13200 212367 58232
13300 209927 58846
13400 218986 59133
13500 221032 59582
13600 216165 60342
13700 217989 60826
13800 225666 61138
13900 228344 61612
14000 223484 62293
14100 233353 62562
14200 226397 63393
14300 230995 63912
14400 230419 64289
14500 237196 64877
14600 233181 65579
14700 241546 65719
14800 236068 66512
14900 252854 66583
15000 240134 67767
15100 242647 68226
15200 238600 68845
15300 253701 68710
15400 251545 69543
15500 254999 69976
15600 255038 70513
15700 262717 70791
15800 258866 71505
15900 255203 72251
16000 265560 72550
16100 263033 73258
16200 256056 74032
16300 263604 74484
16400 264707 74942
16500 267259 75493
16600 271934 75738
16700 272084 76357
16800 266459 77193
16900 268336 77744
17000 267736 78299
17100 279794 78417
17200 284144 78907
17300 274409 79781
17400 283625 80367
17500 283833 80609
17600 295034 81044
17700 291600 81694
17800 288416 82333
17900 298836 82593
18000 295343 83148
18100 296008 83920
18200 293637 84545
18300 292725 85093
18400 311543 85322
18500 299295 86095
18600 320389 86052
18700 314963 86711
18800 320489 87117
18900 312326 87983
19000 311676 88610
19100 310102 89152
19200 325209 89319
19300 328516 89884
19400 328981 90517
19500 331038 90955
19600 318494 91818
19700 325230 92378
19800 324039 93117
19900 338720 93340
20000 322155 94390
20100 328681 94332
20200 348729 94589
20300 337279 95644
20400 331806 96458
20500 346515 96377
20600 333569 97499
20700 330854 98217
20800 338560 98321
20900 351215 98623
21000 360935 98963
21100 357137 99458
21200 345594 100700
21300 362347 100911
21400 352784 101773
21500 365210 101551
21600 353482 102997
21700 363849 103046
21800 380129 103244
21900 377750 103733
22000 359079 105148
22100 374898 104877
22200 370680 105734
22300 378454 106136
22400 377651 106680
22500 373827 107602
22600 374654 108040
22700 391159 108124
22800 371996 109466
22900 390362 109197
23000 379584 110546
23100 395662 110419
23200 381996 111368
23300 397015 111721
23400 388902 112385
23500 387183 113323
23600 393551 113638
23700 401336 113923
23800 397881 114652
23900 397886 115370
24000 403068 115663
24100 408730 116122
24200 405819 116813
24300 415811 117020
24400 416407 117890
24500 413250 118271
24600 423229 118393
24700 413424 119703
24800 411104 120443
24900 420267 120598
25000 428846 120964
25100 429329 121052
25200 413900 122893
25300 431378 122646
25400 430455 123077
25500 424003 124279
25600 436995 124268
25700 429596 125237
25800 443037 125586
25900 452501 125683
26000 423323 127198
26100 451013 126937
26200 456302 127240
26300 445685 128396
26400 438176 129170
26500 453960 129230
26600 456299 129690
26700 447001 130638
26800 447810 131404
26900 459548 131343
27000 472123 131628
27100 474539 132263
27200 453087 133800
27300 459915 133890
27400 454394 134950
27500 470818 134851
27600 504977 134677
27700 470766 136214
27800 482373 136339
27900 471060 137267
28000 477672 137799
28100 479896 138313
28200 484253 138711
28300 484411 139332
28400 474583 140361
28500 484859 140856
28600 489145 141092
28700 505315 141380
28800 500304 142365
28900 484483 143379
29000 483986 143940
29100 489705 144282
29200 506895 144309
29300 503842 144963
29400 503123 145629
29500 513646 146116
29600 520061 146821
29700 515695 146976
29800 540990 147439
29900 497797 149221
30000 521103 149039
30100 528569 149352
30200 521178 150265
30300 519495 150906
30400 510790 151773
30500 534289 151696
30600 522958 152491
30700 521436 153441
30800 527191 153508
30900 537461 154079
31000 535976 154590
31100 536181 155291
31200 529883 156245
31300 538651 156505
31400 554060 156745
31500 541838 157538
31600 546187 158036
31700 569120 158062
31800 540858 159565
31900 555462 160022
32000 559371 160456
32100 545888 161521
32200 564102 161510
32300 563314 161773
32400 543589 163427
32500 548457 163937
32600 560968 164138
32700 570251 164680
32800 580576 164794
32900 578819 165171
33000 561398 166600
33100 571779 166818
33200 582176 167417
33300 565359 168670
33400 576314 168990
33500 571416 169469
33600 585184 169752
33700 581510 170408
33800 587408 170845
33900 594836 170962
34000 584616 172355
34100 590679 172384
34200 584440 173685
34300 598039 173510
34400 579896 175149
34500 612907 174286
34600 606210 175347
34700 602105 175732
34800 603197 176762
34900 589677 177822
35000 619465 177367
35100 603297 178617
35200 597611 179341
35300 623451 179659
35400 618985 180037
35500 614719 180828
35600 616397 181442
35700 619658 181888
35800 617745 182709
35900 608447 183534
36000 621199 183759
36100 612010 185051
36200 634026 184855
36300 633942 185378
36400 641821 185824
36500 626779 186983
36600 662413 186976
36700 647131 187764
36800 624461 188989
36900 648369 189094
37000 649354 189474
37100 646792 189938
37200 669465 190039
37300 645178 191729
37400 655867 191693
37500 655656 192210
37600 649967 193019
37700 648501 194003
37800 654502 194403
37900 652132 194970
38000 659676 195986
38100 660907 195874
38200 660293 196284
38300 665051 197412
38400 671684 197834
38500 683469 198095
38600 676751 198813
38700 679023 199850
38800 670806 200175
38900 707436 200188
39000 699543 200592
39100 678985 201576
39200 693892 202319
39300 681687 202906
39400 711003 202798
39500 687990 204481
39600 730046 203254
39700 705038 204706
39800 705325 205630
39900 720425 206037
40000 682764 207557
40100 714848 207456
40200 714134 207780
40300 711067 208797
40400 707223 209306
40500 736584 209173
40600 721292 210340
40700 724921 210769
40800 734947 210555
40900 724999 212232
41000 706826 213100
41100 743374 212803
41200 743167 214092
41300 717805 214660
41400 747516 213974
41500 732092 215945
41600 730504 216226
41700 735816 216914
41800 754877 216836
41900 728608 218584
42000 736347 218513
42100 748425 219384
42200 745399 220245
42300 747108 220322
42400 739697 221008
42500 757898 221149
42600 752016 221794
42700 748616 223194
42800 740338 223825
42900 743337 224828
43000 738549 225522
43100 749919 225425
43200 773971 225202
43300 756168 226406
43400 756953 227205
43500 763850 227246
43600 783212 227786
43700 789028 227813
43800 778387 229099
43900 802311 229259
44000 773518 230397
44100 772813 231359
44200 767524 231961
44300 792294 231160
44400 774501 233510
44500 773771 233898
44600 766832 234938
44700 779411 234776
44800 791875 235795
44900 812067 235715
45000 793304 236347
45100 820983 236558
45200 833646 236670
45300 809136 237959
45400 789316 239221
45500 815080 239161
45600 791285 240463
45700 826604 239949
45800 785386 242211
45900 819382 241610
46000 834205 241562
46100 798672 243625
46200 798931 244390
46300 809165 244954
46400 833539 244530
46500 836378 244835
46600 828478 245660
46700 833365 246477
46800 867882 246154
46900 857953 246904
47000 842654 248202
47100 824694 249964
47200 872550 248911
47300 859172 249522
47400 865324 250221
47500 860536 251469
47600 841139 252178
47700 878024 251439
47800 859039 252977
47900 862710 253198
48000 894838 253403
48100 863038 254875
48200 838606 256724
48300 881055 255650
48400 862781 256666
48500 851507 257463
48600 847371 258483
48700 878155 257674
48800 876693 259095
48900 881261 258915
49000 873640 260330
49100 866112 260501
49200 866317 261674
49300 884399 262580
49400 879479 262546
49500 893770 262735
49600 878723 263918
49700 893869 264390
49800 894261 264358
49900 888274 265527
50000 886793 266382
50100 898787 266744
50200 904677 267292
50300 886951 268513
50400 916908 268336
50500 909313 269035
50600 913122 269824
50700 947188 269878
50800 908412 270856
50900 911338 271867
51000 917036 271904
51100 937643 273267
51200 912531 273679
51300 925693 273314
51400 906381 275233
51500 972166 274577
51600 931651 276013
51700 945454 275849
51800 916322 277644
51900 947260 277469
52000 911928 279435
52100 921562 279825
52200 932876 279829
52300 937841 280231
52400 978403 280282
52500 964839 280858
52600 953033 281303
52700 921412 283325
52800 927371 284026
52900 955937 284165
53000 956681 283840
53100 920486 286342
53200 951975 285851
53300 952686 286776
53400 937179 287503
53500 964361 286884
53600 960456 287799
53700 973316 288602
53800 958854 289325
53900 959928 290105
54000 1019822 289157
54100 982683 290427
54200 965814 291927
54300 985191 292171
54400 998345 292179
54500 994252 293115
54600 1008307 293482
54700 984767 294613
54800 979281 295847
54900 976006 296514
55000 993434 296292
55100 997108 296967
55200 970790 298955
55300 976492 298881
55400 991642 300201
55500 990886 300181
55600 986575 300471
55700 1000554 300626
55800 1007491 301541
55900 988143 302665
56000 985632 303267
56100 1028243 302905
56200 1022282 303761
56300 1028393 303778
56400 1024979 305237
56500 1009269 306171
56600 998585 307106
56700 1022816 307178
56800 1052958 306134
56900 1033631 307600
57000 1054490 307767
57100 1013465 309865
57200 1055909 309319
57300 1071808 309088
57400 1004099 312093
57500 1023065 312328
57600 1049957 311933
57700 1081586 312469
57800 1029926 314475
57900 1054883 313473
58000 1074967 314001
58100 1025139 316745
58200 1058001 316341
58300 1061138 316906
58400 1044080 317305
58500 1047087 318872
58600 1063186 318042
58700 1030018 320541
58800 1054411 319855
58900 1036647 321537
59000 1079607 321250
59100 1074491 320726
59200 1073467 322728
59300 1074936 322752
59400 1106754 322184
59500 1086033 323529
59600 1061519 325422
59700 1088640 324604
59800 1116353 324321
59900 1060149 327861
60000 1058603 328236
60100 1074542 328697
60200 1075850 328663
60300 1078922 329901
60400 1099304 329454
60500 1115019 329260
60600 1083205 331445
60700 1138951 330289
60800 1106480 331791
60900 1117662 332343
61000 1118578 333470
61100 1131422 333109
61200 1123214 334734
61300 1125571 335278
61400 1095934 336640
61500 1102940 336826
61600 1119233 336324
61700 1101519 338257
61800 1102210 339507
61900 1115646 338840
62000 1166030 338229
62100 1144922 339455
62200 1154918 339768
62300 1120156 342106
62400 1136151 341585
62500 1134873 342695
62600 1141527 342811
62700 1146150 343497
62800 1141216 344456
62900 1140143 345757
63000 1132474 346537
63100 1170171 345715
63200 1166694 346257
63300 1165588 347005
63400 1181912 347168
63500 1164631 348725
63600 1147750 349754
63700 1145454 350720
63800 1149357 351222
63900 1174568 351385
64000 1157762 352803
64100 1189541 352244
64200 1140050 354062
64300 1168595 353524
64400 1166103 354645
64500 1160621 356102
64600 1190117 355885
64700 1201463 356352
64800 1184568 357320
64900 1182581 357976
65000 1162946 359489
65100 1209825 357870
65200 1181891 360388
65300 1186849 360411
65400 1189179 360727
65500 1195295 361249
65600 1219397 361759
65700 1194301 362845
65800 1232944 362503
65900 1170415 365601
66000 1199427 364820
66100 1227859 365429
66200 1241797 365597
66300 1220263 366364
66400 1220036 367063
66500 1235997 367236
66600 1246269 367492
66700 1220090 368536
66800 1200584 369829
66900 1213949 369931
67000 1203819 371450
67100 1229536 370421
67200 1228153 371905
67300 1253117 371631
67400 1228407 374053
67500 1230248 373742
67600 1272020 373390
67700 1255402 374070
67800 1239404 375361
67900 1202557 378440
68000 1221701 377998
68100 1280827 376534
68200 1225081 379786
68300 1232164 379641
68400 1267345 380076
68500 1268480 379809
68600 1235914 381401
68700 1264963 380556
68800 1261070 382329
68900 1217344 384271
69000 1249585 384430
69100 1288702 383281
69200 1276899 384013
69300 1276927 384737
69400 1279835 385554
69500 1264545 387187
69600 1267827 387534
69700 1240052 389025
69800 1297008 387918
69900 1273966 389458
70000 1254437 391104
70100 1281585 391002
70200 1281898 391959
70300 1273808 392610
70400 1296194 392037
70500 1298703 392838
70600 1305718 393253
70700 1300951 394119
70800 1289096 396264
70900 1307636 395463
71000 1290542 397240
71100 1317644 395672
71200 1301757 398404
71300 1299998 398359
71400 1303679 399219
71500 1306386 398950
71600 1291067 401226
71700 1341387 398986
71800 1301894 401522
71900 1290298 403303
72000 1307396 403004
72100 1314360 403522
72200 1361140 402601
72300 1335842 403737
72400 1327911 404832
72500 1318166 406552
72600 1306549 407052
72700 1344699 406954
72800 1334419 407706
72900 1348553 407238
73000 1323257 409084
73100 1335708 409523
73200 1353916 410059
73300 1304543 412799
73400 1321044 413100
73500 1352001 412092
73600 1368236 412240
73700 1359510 412754
73800 1372059 414543
73900 1374857 414053
74000 1364734 415194
74100 1401405 414099
74200 1378386 416091
74300 1367120 416566
74400 1364776 417812
74500 1356267 418497
74600 1394591 418425
74700 1343766 420847
74800 1426163 418065
74900 1380404 420980
75000 1362240 421845
75100 1373676 422588
75200 1392628 422247
75300 1352411 424499
75400 1393539 423787
75500 1388912 425545
75600 1396158 426073
75700 1374747 426618
75800 1396264 426622
75900 1404321 426884
76000 1419057 427287
76100 1432380 428288
76200 1409811 428712
76300 1445970 429200
76400 1433220 429896
76500 1431309 430143
76600 1402247 432859
76700 1428131 431270
76800 1411797 432307
76900 1427438 433068
77000 1415481 435128
77100 1459373 433170
77200 1437426 434969
77300 1445715 435559
77400 1401019 437215
77500 1399355 438953
77600 1436043 437265
77700 1422549 439230
77800 1447017 438979
77900 1443677 439291
78000 1462016 438519
78100 1451858 440758
78200 1445964 441531
78300 1427402 443518
78400 1442836 442375
78500 1423278 444825
78600 1417356 445671
78700 1517479 442760
78800 1483892 445027
78900 1452074 446366
79000 1457907 446548
79100 1456772 446969
79200 1458809 448306
79300 1420005 450494
79400 1460937 450489
79500 1486277 448923
79600 1485532 450106
79700 1462565 451488
79800 1452077 452464
79900 1494665 451501
80000 1453442 453818
80100 1486528 453964
80200 1472696 454699
80300 1512483 454248
80400 1483528 456168
80500 1512331 456139
80600 1474526 458309
80700 1544232 455379
80800 1498507 457983
80900 1518795 458700
81000 1530997 458117
81100 1505699 460643
81200 1516174 460024
81300 1514972 461024
81400 1566113 460268
81500 1516637 462034
81600 1502967 463804
81700 1523563 463954
81800 1496438 465042
81900 1546490 463719
82000 1505931 465443
82100 1570420 464975
82200 1490009 468012
82300 1564262 466453
82400 1567243 466640
82500 1517940 469394
82600 1563544 468073
82700 1549256 469374
82800 1523097 470849
82900 1572059 470306
83000 1514971 473275
83100 1568500 472807
83200 1567977 472623
83300 1537611 473831
83400 1545440 474391
83500 1521719 475810
83600 1572481 474627
83700 1561115 475377
83800 1562514 476408
83900 1526279 478890
84000 1535630 478646
84100 1524976 480655
84200 1605626 478767
84300 1567500 479473
84400 1590347 479916
84500 1567070 481712
84600 1548626 483746
84700 1570322 483713
84800 1555915 485151
84900 1577259 484897
85000 1615830 484375
85100 1608303 485182
85200 1632544 483855
85300 1576960 486928
85400 1591839 488110
85500 1580988 488938
85600 1571552 488924
85700 1622645 489029
85800 1634943 489594
85900 1590668 490753
86000 1598080 491424
86100 1551575 493425
86200 1580209 492861
86300 1615947 491837
86400 1628996 492254
86500 1641346 492798
86600 1596839 495425
86700 1619266 495417
86800 1592610 497385
86900 1609439 496760
87000 1587237 499326
87100 1621621 497724
87200 1606217 499630
87300 1625078 499579
87400 1618224 500654
87500 1621969 500394
87600 1607560 502531
87700 1589565 503959
87800 1638544 502651
87900 1662859 502903
88000 1642465 504028
88100 1626127 504630
88200 1696161 503479
88300 1666584 504783
88400 1681226 506145
88500 1623638 507444
88600 1697202 506527
88700 1632702 509111
88800 1606497 510742
88900 1626640 511267
89000 1649010 510426
89100 1635032 511618
89200 1643657 512365
89300 1660158 511637
89400 1640538 513463
89500 1658470 514331
89600 1702586 513251
89700 1657553 515682
89800 1655054 516503
89900 1678903 516256
90000 1695007 516935
90100 1668071 517990
90200 1722245 516050
90300 1714543 518800
90400 1670127 520785
90500 1699684 520280
90600 1709754 519999
90700 1698241 520917
90800 1761261 519734
90900 1697747 522939
91000 1725848 520910
91100 1717460 522200
91200 1691541 524716
91300 1706504 525478
91400 1708414 525377
91500 1697212 527182
91600 1688252 527849
91700 1714852 527340
91800 1737142 527116
91900 1676234 530682
92000 1719639 528828
92100 1723619 530195
92200 1754086 529223
92300 1768187 529703
92400 1721526 532081
92500 1736606 532418
92600 1725127 534223
92700 1733415 533919
92800 1701418 535772
92900 1739092 535520
93000 1721595 537324
93100 1758511 536001
93200 1769334 535552
93300 1841551 535375
93400 1723147 540215
93500 1779693 537340
93600 1775645 539007
93700 1729505 541707
93800 1773033 540818
93900 1764234 541511
94000 1772697 541343
94100 1794532 541597
94200 1791628 542818
94300 1804305 542949
94400 1774146 544940
94500 1711313 548699
94600 1781208 546332
94700 1844298 545056
94800 1786805 546417
94900 1839143 545878
95000 1747518 550093
95100 1799239 549342
95200 1874798 547769
95300 1749292 552049
95400 1836914 548914
95500 1814274 550124
95600 1805935 554184
95700 1796323 552764
95800 1792345 554411
95900 1796742 555065
96000 1820981 555928
96100 1774789 557250
96200 1788024 557218
96300 1803121 557014
96400 1791333 558621
96500 1829563 557541
96600 1884742 557216
96700 1786856 561461
96800 1762766 562419
96900 1816024 562214
97000 1813846 561535
97100 1839240 561676
97200 1846449 562656
97300 1863242 563661
97400 1805217 566256
97500 1823800 564712
97600 1858276 565475
97700 1793573 569045
97800 1808853 568195
97900 1861422 565860
98000 1942808 566424
98100 1824017 568983
98200 1832781 570270
98300 1858817 569662
98400 1852922 570951
98500 1785478 574077
98600 1904520 570771
98700 1806450 574514
98800 1840234 574155
98900 1849116 574291
99000 1935994 572894
99100 1862751 575252
99200 1861480 576085
99300 1872130 576884
99400 1886911 577599
99500 1835952 579190
99600 1861367 579127
99700 1922966 577858
99800 1856696 580983
99900 1901964 579928
100000 1851541 583517
