100 796 114
200 1821 230
300 3048 347
400 4124 462
500 5389 578
600 6431 692
700 8170 812
800 9711 930
900 11002 1044
1000 11673 1160
1100 13114 1275
1200 14824 1401
1300 16914 1515
1400 18706 1628
1500 20066 1748
1600 21605 1865
1700 22714 1984
1800 24036 2099
1900 25649 2217
2000 27123 2334
2100 29131 2449
2200 30324 2565
2300 32077 2684
2400 33034 2797
2500 35697 2914
2600 36281 3022
2700 38039 3148
2800 40680 3260
2900 40979 3381
3000 45394 3501
3100 44989 3612
3200 47456 3719
3300 50319 3854
3400 51806 3965
3500 52318 4077
3600 54745 4200
3700 54295 4313
3800 56169 4434
3900 60667 4546
4000 61899 4649
4100 62012 4784
4200 64850 4895
4300 66553 5013
4400 68841 5135
4500 67245 5249
4600 69135 5370
4700 73352 5483
4800 76873 5611
4900 75355 5705
5000 76575 5825
5100 79692 5943
5200 82651 6071
5300 82977 6181
5400 85943 6284
5500 87505 6404
5600 89712 6535
5700 90941 6639
5800 92635 6774
5900 92927 6885
6000 94518 6995
6100 94357 7108
6200 99120 7224
6300 99239 7355
6400 105158 7469
6500 102780 7571
6600 105164 7687
6700 108802 7802
6800 106935 7926
6900 109761 8044
7000 111556 8156
7100 113369 8303
7200 112554 8404
7300 118754 8522
7400 122125 8633
7500 123968 8754
7600 129556 8863
7700 124044 8987
7800 127715 9094
7900 136284 9220
8000 128836 9339
8100 132490 9435
8200 133878 9552
8300 137283 9665
8400 137661 9794
8500 145058 9910
8600 143086 10028
8700 144594 10153
8800 156370 10254
8900 144233 10394
9000 150704 10496
9100 152876 10606
9200 155414 10729
9300 152258 10826
9400 157336 10961
9500 160683 11074
9600 160197 11189
9700 166232 11306
9800 163154 11440
9900 171514 11559
10000 170266 11660
10100 172588 11778
10200 176182 11901
10300 177985 12010
10400 175672 12130
10500 174678 12245
10600 179243 12362
10700 180661 12485
10800 186505 12606
10900 178780 12697
11000 182789 12838
11100 188527 12953
11200 192769 13061
11300 189991 13158
11400 200459 13309
11500 194884 13397
11600 198856 13537
11700 203219 13676
11800 203742 13767
11900 205423 13874
12000 212631 14013
12100 207032 14111
12200 215191 14229
12300 216060 14357
12400 215237 14450
12500 220099 14593
12600 221276 14708
12700 214695 14803
12800 226224 14936
12900 220939 15036
13000 227301 15140
13100 228134 15284
13200 225815 15423
13300 235476 15536
13400 239882 15623
13500 235330 15752
13600 236103 15855
13700 240703 15961
13800 240973 16123
13900 249828 16207
14000 247319 16331
14100 241000 16433
14200 249719 16577
14300 252515 16680
14400 248387 16781
14500 255127 16901
14600 253184 17030
14700 261933 17153
14800 266103 17234
14900 265499 17379
15000 263614 17523
15100 269121 17613
15200 280483 17721
15300 272476 17845
15400 273845 17965
15500 278480 18068
15600 281914 18188
15700 285478 18312
15800 284644 18441
15900 286507 18547
16000 291437 18665
16100 287303 18795
16200 294969 18901
16300 290407 19014
16400 290233 19150
16500 295708 19253
16600 291143 19379
16700 318335 19474
16800 296923 19606
16900 303537 19719
17000 302421 19838
17100 307227 19954
17200 309329 20066
17300 312433 20193
17400 310228 20277
17500 332763 20409
17600 308158 20528
17700 310745 20631
17800 315578 20762
17900 329801 20874
18000 329350 20998
18100 333924 21125
18200 321942 21227
18300 336012 21324
18400 331228 21457
18500 329656 21572
18600 338046 21717
18700 343408 21812
18800 333201 21927
18900 345462 22060
19000 352844 22182
19100 356866 22281
19200 350351 22414
19300 354972 22533
19400 350443 22617
19500 364969 22717
19600 357724 22850
19700 368532 23002
19800 365915 23096
19900 358573 23228
20000 369502 23328
20100 366605 23422
20200 375712 23573
20300 361905 23656
20400 376551 23785
20500 375709 23919
20600 382274 24029
20700 373315 24149
20800 373456 24246
20900 394176 24418
21000 380322 24478
21100 377584 24587
21200 398390 24719
21300 386710 24833
21400 386833 24938
21500 394296 25080
21600 398749 25178
21700 391244 25312
21800 403676 25448
21900 407863 25550
22000 409702 25679
22100 420370 25757
22200 402441 25904
22300 409441 26043
22400 416671 26112
22500 416635 26254
22600 414688 26347
22700 422737 26479
22800 433604 26599
22900 419089 26714
23000 442489 26831
23100 426143 26912
23200 429320 27029
23300 434775 27149
23400 429064 27300
23500 431991 27384
23600 437239 27527
23700 450614 27650
23800 436475 27764
23900 448377 27867
24000 445031 28004
24100 456658 28130
24200 452059 28226
24300 459145 28341
24400 463106 28458
24500 466141 28539
24600 448755 28705
24700 484039 28807
24800 473384 28942
24900 469627 29074
25000 467153 29148
25100 474008 29262
25200 466253 29383
25300 478195 29496
25400 473371 29637
25500 471643 29766
25600 484171 29850
25700 474499 29998
25800 481573 30086
25900 486675 30204
26000 487469 30334
26100 487018 30434
26200 496909 30528
26300 498762 30700
26400 496237 30778
26500 496586 30931
26600 494207 31009
26700 528284 31110
26800 519891 31258
26900 501604 31375
27000 504969 31493
27100 506756 31628
27200 527887 31743
27300 509786 31829
27400 524731 31943
27500 518175 32076
27600 538811 32199
27700 533438 32307
27800 527130 32442
27900 536769 32578
28000 532248 32641
28100 525955 32789
28200 520080 32910
28300 533869 33022
28400 537528 33144
28500 542975 33266
28600 557254 33367
28700 544910 33479
28800 529333 33585
28900 553804 33710
29000 537385 33855
29100 563727 33944
29200 551129 34052
29300 563922 34149
29400 569155 34286
29500 564166 34423
29600 566261 34517
29700 567654 34643
29800 608178 34760
29900 569109 34895
30000 583229 35018
30100 571694 35101
30200 572038 35239
30300 579962 35350
30400 587011 35482
30500 578596 35578
30600 589034 35701
30700 581585 35844
30800 593176 35954
30900 592707 36064
31000 609727 36154
31100 613952 36266
31200 592445 36417
31300 591372 36520
31400 591770 36625
31500 628726 36742
31600 605361 36871
31700 620833 36976
31800 611188 37103
31900 612133 37212
32000 611275 37325
32100 608959 37481
32200 620074 37549
32300 620697 37678
32400 604366 37787
32500 620526 37910
32600 623861 38002
32700 624751 38166
32800 639900 38257
32900 634187 38345
33000 629488 38479
33100 636241 38564
33200 646331 38718
33300 634601 38848
33400 676287 38978
33500 643836 39063
33600 652927 39165
33700 640976 39327
33800 670145 39423
33900 681571 39517
34000 665455 39669
34100 657878 39768
34200 662410 39930
34300 650928 40025
34400 664824 40151
34500 648786 40243
34600 689541 40389
34700 662394 40443
34800 686924 40584
34900 671467 40723
35000 679451 40835
35100 685694 40942
35200 707963 41049
35300 692838 41191
35400 688243 41299
35500 698786 41437
35600 714052 41573
35700 685533 41654
35800 687545 41774
35900 685772 41886
36000 711785 41985
36100 692654 42105
36200 711759 42224
36300 710532 42334
36400 698261 42513
36500 704962 42572
36600 716045 42717
36700 709959 42813
36800 694425 42945
36900 735120 43057
37000 737941 43184
37100 719869 43311
37200 725311 43385
37300 731976 43522
37400 740706 43574
37500 725290 43719
37600 737202 43889
37700 724022 43991
37800 744618 44115
37900 741557 44240
38000 749772 44316
38100 730296 44467
38200 750919 44569
38300 752681 44678
38400 733237 44809
38500 748778 44917
38600 743392 45021
38700 739296 45141
38800 761848 45260
38900 745898 45390
39000 745655 45505
39100 785364 45631
39200 779972 45734
39300 766939 45845
39400 767912 45989
39500 767853 46083
39600 766824 46172
39700 772183 46303
39800 780322 46429
39900 771057 46573
40000 776292 46687
40100 802570 46773
40200 783937 46915
40300 784737 46960
40400 801089 47152
40500 831419 47267
40600 790622 47327
40700 807576 47469
40800 803371 47570
40900 808758 47724
41000 814844 47849
41100 810677 47877
41200 796495 48041
41300 823936 48173
41400 826392 48329
41500 827765 48446
41600 800689 48505
41700 832508 48626
41800 818585 48781
41900 830843 48864
42000 812988 48978
42100 826682 49103
42200 840869 49203
42300 838928 49332
42400 837025 49477
42500 833723 49573
42600 840937 49712
42700 860114 49821
42800 850411 49906
42900 847697 50033
43000 878211 50140
43100 875657 50306
43200 892140 50417
43300 832854 50519
43400 843301 50650
43500 892040 50731
43600 881452 50893
43700 864795 50943
43800 867796 51130
43900 874541 51241
44000 905781 51344
44100 892708 51446
44200 873466 51541
44300 878213 51682
44400 888594 51757
44500 898295 51914
44600 878544 52036
44700 873796 52128
44800 900605 52252
44900 866888 52380
45000 873022 52473
45100 887805 52621
45200 890135 52741
45300 899755 52803
45400 900430 53013
45500 895532 53074
45600 927651 53228
45700 904827 53266
45800 888293 53413
45900 894749 53536
46000 903145 53640
46100 939044 53768
46200 922539 53902
46300 917000 54018
46400 957047 54091
46500 931961 54252
46600 939751 54354
46700 960571 54527
46800 935921 54613
46900 913398 54775
47000 970558 54832
47100 962224 54952
47200 945337 55052
47300 953476 55215
47400 974235 55304
47500 927327 55405
47600 959916 55526
47700 987089 55676
47800 963656 55773
47900 963939 55858
48000 962330 56024
48100 967830 56113
48200 940695 56213
48300 951630 56351
48400 990165 56486
48500 1012551 56586
48600 976298 56698
48700 976004 56835
48800 975304 56952
48900 973796 57043
49000 984340 57186
49100 986989 57269
49200 995352 57413
49300 984363 57531
49400 989941 57658
49500 1015374 57769
49600 989990 57861
49700 1013617 57990
49800 998990 58111
49900 962037 58216
50000 1015339 58301
50100 1007240 58455
50200 986272 58562
50300 1011375 58675
50400 992062 58796
50500 1000022 58888
50600 1026105 59005
50700 1044625 59094
50800 1021330 59264
50900 1037994 59367
51000 1005184 59490
51100 1064980 59615
51200 1041741 59721
51300 1002850 59833
51400 1015428 59939
51500 1043536 60074
51600 1053666 60220
51700 1026378 60324
51800 1051460 60441
51900 1073942 60602
52000 1051890 60663
52100 1051398 60786
52200 1074144 60927
52300 1047149 60968
52400 1065383 61127
52500 1088466 61288
52600 1115745 61366
52700 1077224 61462
52800 1033966 61593
52900 1066279 61726
53000 1061673 61827
53100 1058254 61957
53200 1077409 62083
53300 1057778 62206
53400 1064729 62294
53500 1065893 62419
53600 1075706 62522
53700 1097722 62643
53800 1108274 62780
53900 1074783 62859
54000 1116049 62972
54100 1077159 63126
54200 1068779 63204
54300 1100492 63324
54400 1115002 63454
54500 1081258 63550
54600 1097222 63710
54700 1109334 63775
54800 1116196 63943
54900 1119359 64037
55000 1076181 64175
55100 1093064 64321
55200 1122820 64394
55300 1101967 64519
55400 1106368 64653
55500 1110307 64758
55600 1126326 64844
55700 1141761 64985
55800 1116915 65087
55900 1147351 65212
56000 1131897 65314
56100 1167433 65399
56200 1127861 65546
56300 1119472 65682
56400 1132691 65799
56500 1154931 65859
56600 1142303 66038
56700 1132065 66151
56800 1168657 66242
56900 1181424 66370
57000 1187365 66532
57100 1156942 66626
57200 1190413 66720
57300 1159342 66860
57400 1174697 66965
57500 1184975 67045
57600 1180116 67149
57700 1163840 67322
57800 1190258 67440
57900 1200049 67561
58000 1166179 67693
58100 1176416 67793
58200 1179024 67911
58300 1225855 67964
58400 1164233 68122
58500 1168880 68280
58600 1232372 68374
58700 1199988 68499
58800 1203836 68630
58900 1215570 68712
59000 1220091 68846
59100 1213677 68938
59200 1232405 69110
59300 1231207 69173
59400 1218446 69297
59500 1211516 69357
59600 1224578 69525
59700 1217492 69632
59800 1223179 69772
59900 1203883 69875
60000 1198437 69977
60100 1192090 70105
60200 1251594 70228
60300 1234084 70343
60400 1235887 70438
60500 1238598 70575
60600 1219987 70698
60700 1274910 70807
60800 1225774 70938
60900 1252527 71027
61000 1252474 71209
61100 1244989 71257
61200 1250288 71408
61300 1254950 71497
61400 1293052 71655
61500 1285500 71724
61600 1239353 71875
61700 1247503 71995
61800 1253631 72158
61900 1323593 72198
62000 1266852 72313
62100 1286649 72441
62200 1318540 72515
62300 1300563 72620
62400 1275708 72810
62500 1303602 72872
62600 1290246 73042
62700 1288729 73125
62800 1260829 73274
62900 1298633 73353
63000 1278840 73520
63100 1317851 73652
63200 1307573 73700
63300 1307378 73852
63400 1288518 73949
63500 1304330 74042
63600 1301093 74172
63700 1328512 74307
63800 1311402 74440
63900 1325676 74531
64000 1330973 74644
64100 1287850 74769
64200 1330154 74877
64300 1344312 75045
64400 1302748 75158
64500 1319218 75273
64600 1348177 75407
64700 1341277 75466
64800 1364705 75582
64900 1303820 75689
65000 1372867 75775
65100 1312664 75913
65200 1344664 76087
65300 1331109 76193
65400 1335113 76316
65500 1374030 76433
65600 1364531 76562
65700 1387924 76716
65800 1386511 76791
65900 1376287 76866
66000 1360464 76994
66100 1357070 77071
66200 1389460 77208
66300 1332609 77336
66400 1361825 77455
66500 1353014 77568
66600 1344113 77686
66700 1401876 77794
66800 1426221 77945
66900 1350826 78028
67000 1469715 78163
67100 1375578 78249
67200 1370876 78325
67300 1402926 78476
67400 1372577 78608
67500 1403692 78738
67600 1398807 78824
67700 1386735 79001
67800 1430692 79099
67900 1406904 79136
68000 1412337 79310
68100 1421806 79474
68200 1420366 79599
68300 1429670 79709
68400 1402699 79822
68500 1404432 79917
68600 1407476 80084
68700 1436317 80124
68800 1466968 80275
68900 1452694 80365
69000 1432371 80469
69100 1436039 80586
69200 1437164 80703
69300 1426678 80829
69400 1447836 80908
69500 1447287 81084
69600 1467690 81213
69700 1446046 81259
69800 1467749 81424
69900 1469785 81599
70000 1462851 81673
70100 1452100 81860
70200 1471355 81840
70300 1457904 81963
70400 1503533 82115
70500 1458772 82241
70600 1466486 82305
70700 1441698 82492
70800 1492624 82676
70900 1480519 82746
71000 1470474 82840
71100 1492907 82969
71200 1497708 83041
71300 1492408 83176
71400 1506195 83260
71500 1483258 83426
71600 1463036 83514
71700 1498511 83701
71800 1500819 83807
71900 1480003 83872
72000 1497848 83973
72100 1490429 84150
72200 1538464 84268
72300 1477289 84396
72400 1565149 84484
72500 1548229 84557
72600 1538355 84742
72700 1488196 84799
72800 1512805 84920
72900 1537995 85091
73000 1498192 85160
73100 1499372 85273
73200 1546735 85414
73300 1527386 85505
73400 1523012 85647
73500 1525048 85695
73600 1539212 85855
73700 1528495 85969
73800 1586029 86095
73900 1539440 86231
74000 1505959 86241
74100 1552294 86449
74200 1586511 86526
74300 1572271 86673
74400 1606786 86785
74500 1553914 86883
74600 1577484 87043
74700 1549475 87164
74800 1575165 87225
74900 1623422 87340
75000 1561312 87491
75100 1562073 87613
75200 1628402 87736
75300 1573407 87812
75400 1611167 87985
75500 1610522 88073
75600 1572393 88188
75700 1631948 88304
75800 1599947 88451
75900 1621203 88537
76000 1581524 88692
76100 1588056 88791
76200 1583997 88883
76300 1599802 88987
76400 1583148 89087
76500 1572951 89232
76600 1615192 89382
76700 1606106 89524
76800 1602579 89582
76900 1617151 89737
77000 1626680 89780
77100 1636619 89914
77200 1624176 90099
77300 1618829 90169
77400 1634831 90279
77500 1621518 90449
77600 1636807 90529
77700 1604961 90682
77800 1630186 90722
77900 1660383 90861
78000 1605203 91038
78100 1603574 91106
78200 1638014 91242
78300 1661907 91369
78400 1650906 91466
78500 1670149 91598
78600 1639861 91724
78700 1722854 91843
78800 1654656 91945
78900 1677997 92059
79000 1648347 92133
79100 1658897 92303
79200 1653483 92400
79300 1680894 92475
79400 1685277 92630
79500 1677101 92760
79600 1638842 92820
79700 1697137 92989
79800 1720406 93135
79900 1713009 93205
80000 1719650 93337
80100 1711518 93432
80200 1676393 93537
80300 1743912 93677
80400 1693739 93783
80500 1714925 93931
80600 1685006 94005
80700 1730201 94145
80800 1720209 94218
80900 1743550 94379
81000 1758707 94487
81100 1696232 94598
81200 1675389 94696
81300 1682126 94878
81400 1716338 94928
81500 1702144 95096
81600 1694831 95223
81700 1733714 95286
81800 1729378 95489
81900 1702171 95553
82000 1721751 95630
82100 1733516 95807
82200 1735099 95877
82300 1779815 96041
82400 1693392 96118
82500 1767609 96251
82600 1726965 96369
82700 1703756 96498
82800 1753975 96577
82900 1754827 96725
83000 1749338 96819
83100 1786637 96950
83200 1730744 97084
83300 1742637 97191
83400 1747640 97266
83500 1771633 97422
83600 1774871 97499
83700 1792425 97627
83800 1792511 97759
83900 1778216 97907
84000 1782170 97993
84100 1750713 98120
84200 1751556 98232
84300 1758097 98369
84400 1761435 98478
84500 1805143 98550
84600 1757468 98796
84700 1805801 98832
84800 1801071 98895
84900 1756110 99017
85000 1829582 99115
85100 1821256 99288
85200 1797697 99388
85300 1787760 99468
85400 1852623 99609
85500 1768395 99729
85600 1854772 99847
85700 1817021 99978
85800 1827997 100131
85900 1800122 100215
86000 1818726 100324
86100 1917057 100502
86200 1800767 100570
86300 1834451 100615
86400 1830937 100800
86500 1796392 100914
86600 1810367 101013
86700 1849373 101091
86800 1896995 101284
86900 1842574 101378
87000 1817823 101476
87100 1886625 101628
87200 1831632 101763
87300 1869701 101859
87400 1889129 101931
87500 1857448 102023
87600 1821661 102207
87700 1919494 102324
87800 1855824 102409
87900 1882132 102509
88000 1880964 102683
88100 1890042 102702
88200 1869125 102876
88300 1927461 102986
88400 1868042 103171
88500 1909750 103238
88600 1896318 103311
88700 1932228 103541
88800 1883319 103612
88900 1856200 103701
89000 1856740 103856
89100 1906845 103955
89200 1943040 104056
89300 1959428 104197
89400 1893925 104259
89500 1948075 104396
89600 1884066 104519
89700 1902686 104661
89800 1896776 104772
89900 1887890 104851
90000 1902183 105034
90100 1906630 105117
90200 1899032 105240
90300 1911728 105296
90400 1914909 105434
90500 1932538 105560
90600 1894650 105664
90700 1968151 105842
90800 1953757 105939
90900 1926956 106066
91000 1943443 106164
91100 1942216 106281
91200 1927915 106459
91300 1946312 106554
91400 1990912 106625
91500 1995241 106773
91600 1965772 106838
91700 1935283 106943
91800 1945292 107018
91900 2015302 107218
92000 1948746 107307
92100 1951886 107460
92200 1977222 107581
92300 1996228 107702
92400 1961754 107787
92500 1984859 107867
92600 1994488 108037
92700 1957520 108164
92800 2023207 108213
92900 1954659 108304
93000 1986724 108516
93100 1939868 108607
93200 1958629 108710
93300 1993126 108831
93400 1982131 108974
93500 2013845 109134
93600 2030338 109179
93700 1972510 109281
93800 2026073 109489
93900 1997800 109572
94000 2072438 109746
94100 1993358 109790
94200 2000421 109915
94300 1990596 110039
94400 2013487 110151
94500 2013700 110251
94600 2032821 110395
94700 2002457 110510
94800 2010455 110629
94900 1986575 110738
95000 2030542 110851
95100 2072134 110953
95200 2109769 111012
95300 2072670 111151
95400 2085126 111295
95500 2065434 111458
95600 2026067 111502
95700 2073847 111641
95800 2017487 111739
95900 2073168 111873
96000 2013693 111974
96100 2047606 112071
96200 2096097 112244
96300 2003543 112352
96400 2070144 112419
96500 2020948 112596
96600 2010947 112688
96700 2128860 112794
96800 2073998 112899
96900 2094179 113033
97000 2115551 113186
97100 2098823 113332
97200 2040077 113406
97300 2045493 113511
97400 2077991 113615
97500 2075309 113717
97600 2137464 113828
97700 2106069 113929
97800 2077586 114042
97900 2071561 114264
98000 2053742 114365
98100 2126639 114477
98200 2127903 114549
98300 2095363 114667
98400 2136698 114815
98500 2123448 114907
98600 2147114 115035
98700 2121755 115168
98800 2116014 115284
98900 2124316 115411
99000 2176661 115440
99100 2129215 115591
99200 2089156 115716
99300 2111682 115784
99400 2089383 115961
99500 2102203 116160
99600 2150605 116163
99700 2127520 116329
99800 2100251 116457
99900 2135157 116580
100000 2161803 116715
