1000 23780
2000 29273
3000 31952
4000 32639
5000 34661
6000 35375
7000 35552
8000 35858
9000 37349
10000 37790
11000 38030
12000 38354
13000 38327
14000 38687
15000 38780
16000 38819
17000 39965
18000 40619
19000 41081
20000 41045
21000 41171
22000 41411
23000 41303
24000 41366
25000 41549
26000 41615
27000 41642
28000 41732
29000 41729
30000 41618
31000 41756
32000 41852
33000 42299
34000 43394
35000 43439
36000 43781
37000 43931
38000 43934
39000 43925
40000 44039
41000 43958
42000 44228
43000 44249
44000 44417
45000 44510
46000 44507
47000 44459
48000 44588
49000 44588
50000 44444
51000 44732
52000 44606
53000 44663
54000 44687
55000 44624
56000 44750
57000 44753
58000 44591
59000 44687
60000 44636
61000 44828
62000 44663
63000 44654
64000 44915
65000 44732
66000 45830
67000 46394
68000 46325
69000 46511
70000 46559
71000 46667
72000 46742
73000 46955
74000 46868
75000 46967
76000 46862
77000 46838
78000 47078
79000 47180
80000 47120
81000 47405
82000 47030
83000 47333
84000 47147
85000 47414
86000 47132
87000 47483
88000 47516
89000 47168
90000 47426
91000 47525
92000 47570
93000 47429
94000 47366
95000 47474
96000 47642
97000 47711
98000 47327
99000 47459
100000 47573
