1000 537
2000 1145
3000 1773
4000 2353
5000 2847
6000 3532
7000 4139
8000 4710
9000 5292
10000 5902
11000 6352
12000 7103
13000 7657
14000 8070
15000 8648
16000 9394
17000 9921
18000 10396
19000 10881
20000 11559
21000 12354
22000 12972
23000 13212
24000 14075
25000 14893
26000 15177
27000 15875
28000 15889
29000 17061
30000 17380
31000 18062
32000 18481
33000 19221
34000 19252
35000 20580
36000 21198
37000 21556
38000 21770
39000 22389
40000 23103
41000 23809
42000 24608
43000 25009
44000 25480
45000 25838
46000 26563
47000 27583
48000 27824
49000 28417
50000 29038
51000 29350
52000 29924
53000 30886
54000 31395
55000 31993
56000 32516
57000 32858
58000 33812
59000 33858
60000 34918
61000 35363
62000 35648
63000 36744
64000 37246
65000 37362
66000 38161
67000 38663
68000 39302
69000 40017
70000 40440
71000 41709
72000 41755
73000 41946
74000 42588
75000 43405
76000 44045
77000 44978
78000 44832
79000 45851
80000 46284
81000 46629
82000 47933
83000 48174
84000 48775
85000 49155
86000 49671
87000 50327
88000 50823
89000 51802
90000 52944
91000 53168
92000 53472
93000 54220
94000 54159
95000 55598
96000 55459
97000 55698
98000 56854
99000 57635
100000 58078
